hsMAPK 0 5 10.1369764083011
hsMAPK 5 10 3.5955885629116
hsMAPK 10 15 4.3204925968799
hsMAPK 15 20 2.34995574304578
hsMAPK 20 25 2.28769279691866
hsMAPK 25 30 18.2556795648472
hsMAPK 30 35 8.86388486247266
hsMAPK 35 40 9.8339861827112
hsMAPK 40 45 4.23516700978216
hsMAPK 45 50 3.13467519094951
hsMAPK 50 55 5.23379010162421
hsMAPK 55 60 8.60233751049957
hsMAPK 60 65 5.26886970242634
hsMAPK 65 70 8.19752477609281
hsMAPK 70 75 3.7732277997499
hsMAPK 75 80 2.31960500743769
hsMAPK 80 85 1.77932367389506
hsMAPK 85 90 1.77932367389506
hsMAPK 90 95 14.4782020994387
hsMAPK 95 100 1.82897594177625
hsMAPK 100 105 4.36255828772325
hsMAPK 105 110 6.06947865620882
hsMAPK 110 115 7.61108624953522
hsMAPK 115 120 3.49716941181274
hsMAPK 120 125 3.99097103670167
hsMAPK 125 130 2.41228485044455
hsMAPK 130 135 4.90978382076853
hsMAPK 135 140 20.2788624601875
hsMAPK 140 145 9.78569129043676
hsMAPK 145 150 2.00398157477586
hsMAPK 150 155 1.74350820729168
hsMAPK 155 160 2.87488309993027
hsMAPK 160 165 11.9911958348032
hsMAPK 165 170 3.47100370404168
hsMAPK 170 175 3.47100370404168
hsMAPK 175 180 11.5971037690709
hsMAPK 180 185 7.2317052196854
hsMAPK 185 190 13.6735443113781
hsMAPK 190 195 10.7242880320425
hsMAPK 195 200 1.55242470489139
hsMAPK 200 205 17.1217806948587
hsMAPK 205 210 22.7261258519901
hsMAPK 210 215 12.7319500454575
hsMAPK 215 220 16.0488196155638
hsMAPK 220 225 9.09274035806798
hsMAPK 225 230 9.95889124463209
hsMAPK 230 235 13.8857997110934
hsMAPK 235 240 16.5047118318875
hsMAPK 240 245 3.22771044626158
hsMAPK 245 250 11.439263614087
hsMAPK 250 255 1.50928550510649
hsMAPK 255 260 1.50928550510649
hsMAPK 260 265 3.8308044700192
hsMAPK 265 270 2.2125266920337
hsMAPK 270 275 1.66995346505759
hsMAPK 275 280 2.30587284516897
hsMAPK 280 285 14.7363280074209
hsMAPK 285 290 4.59790535396893
hsMAPK 290 295 17.5852979793447
hsMAPK 295 300 16.2848054419976
hsMAPK 300 305 3.95687425065134
hsMAPK 305 310 7.97242918857849
hsMAPK 310 315 11.1954430560447
hsMAPK 315 320 13.4967974123015
hsMAPK 320 325 7.77113689545619
hsP38MAPK 0 5 1.77621816230872
hsP38MAPK 5 10 4.3204925968799
hsP38MAPK 10 15 2.91840003350408
hsP38MAPK 15 20 2.34995574304578
hsP38MAPK 20 25 18.2556795648472
hsP38MAPK 25 30 2.81248662946899
hsP38MAPK 30 35 8.60233751049957
hsP38MAPK 35 40 4.36255828772325
hsP38MAPK 40 45 7.61108624953522
hsP38MAPK 45 50 3.99097103670167
hsP38MAPK 50 55 2.87488309993027
hsP38MAPK 55 60 10.7242880320425
hsP38MAPK 60 65 17.1217806948587
hsP38MAPK 65 70 22.7261258519901
hsP38MAPK 70 75 16.0488196155638
hsP38MAPK 75 80 10.0699088367138
hsP38MAPK 80 85 16.5047118318875
hsP38MAPK 85 90 1.66995346505759
hsP38MAPK 90 95 14.7363280074209
hsP38MAPK 95 100 17.5852979793447
hsP38MAPK 100 105 16.2848054419976
hsP38MAPK 105 110 3.95687425065134
hsP38MAPK 110 115 7.97242918857849
hsP38MAPK 115 120 11.1954430560447
hsP38MAPK 120 125 13.4967974123015
hsP38MAPK 125 130 7.77113689545619
hsBIOPEPTIDES 0 5 8.10512181453942
hsBIOPEPTIDES 5 10 2.91829875064513
hsBIOPEPTIDES 10 15 6.52594203313751
hsBIOPEPTIDES 15 20 17.1707062398512
hsBIOPEPTIDES 20 25 8.12777590500109
hsBIOPEPTIDES 25 30 3.50471141078046
hsBIOPEPTIDES 30 35 11.086079817367
hsBIOPEPTIDES 35 40 3.09662116710612
hsBIOPEPTIDES 40 45 18.2556795648472
hsBIOPEPTIDES 45 50 9.57139660501733
hsBIOPEPTIDES 50 55 4.23516700978216
hsBIOPEPTIDES 55 60 3.13467519094951
hsBIOPEPTIDES 60 65 2.87488309993027
hsBIOPEPTIDES 65 70 11.9911958348032
hsBIOPEPTIDES 70 75 3.8329319641936
hsBIOPEPTIDES 75 80 9.09434608266794
hsBIOPEPTIDES 80 85 3.22771044626158
hsBIOPEPTIDES 85 90 14.7363280074209
hsBIOPEPTIDES 90 95 17.5852979793447
hsBIOPEPTIDES 95 100 2.13239621333501
hsBIOPEPTIDES 100 105 6.29666039087014
hsPYK2 0 5 7.90221242983327
hsPYK2 5 10 7.90221242983327
hsPYK2 10 15 6.52594203313751
hsPYK2 15 20 17.1707062398512
hsPYK2 20 25 5.03896108009068
hsPYK2 25 30 6.69164898079638
hsPYK2 30 35 18.2556795648472
hsPYK2 35 40 9.8339861827112
hsPYK2 40 45 4.23516700978216
hsPYK2 45 50 3.13467519094951
hsPYK2 50 55 5.23379010162421
hsPYK2 55 60 2.87488309993027
hsPYK2 60 65 11.9911958348032
hsPYK2 65 70 9.95889124463209
hsPYK2 70 75 3.8329319641936
hsPYK2 75 80 9.09434608266794
hsPYK2 80 85 16.5047118318875
hsPYK2 85 90 3.22771044626158
hsPYK2 90 95 14.7363280074209
hsAT1R 0 5 8.10512181453942
hsAT1R 5 10 6.52594203313751
hsAT1R 10 15 17.1707062398512
hsAT1R 15 20 2.34995574304578
hsAT1R 20 25 6.69164898079638
hsAT1R 25 30 18.2556795648472
hsAT1R 30 35 9.8339861827112
hsAT1R 35 40 4.23516700978216
hsAT1R 40 45 3.13467519094951
hsAT1R 45 50 11.9911958348032
hsAT1R 50 55 9.95889124463209
hsAT1R 55 60 9.09434608266794
hsAT1R 60 65 16.5047118318875
hsAT1R 65 70 3.22771044626158
hsAT1R 70 75 14.7363280074209
hsTPO 0 5 1.66403700389021
hsTPO 5 10 2.28769279691866
hsTPO 10 15 18.2556795648472
hsTPO 15 20 9.57139660501733
hsTPO 20 25 9.8339861827112
hsTPO 25 30 4.23516700978216
hsTPO 30 35 11.9911958348032
hsTPO 35 40 3.07406174874729
hsTPO 40 45 3.8647979915435
hsTPO 45 50 7.7656566285117
hsTPO 50 55 3.09975753956882
hsTPO 55 60 3.8329319641936
hsTPO 60 65 9.09434608266794
hsTPO 65 70 3.22771044626158
hsTPO 70 75 5.82048106494224
hsTPO 75 80 14.7363280074209
hsTPO 80 85 17.5852979793447
hsTPO 85 90 2.13239621333501
hsTPO 90 95 6.29666039087014
hsTPO 95 100 5.3096435973637
hsFCER1 0 5 4.21008230273254
hsFCER1 5 10 6.52594203313751
hsFCER1 10 15 17.1707062398512
hsFCER1 15 20 2.34995574304578
hsFCER1 20 25 13.9471318016245
hsFCER1 25 30 2.28769279691866
hsFCER1 30 35 18.2556795648472
hsFCER1 35 40 9.8339861827112
hsFCER1 40 45 13.1335956825061
hsFCER1 45 50 4.23516700978216
hsFCER1 50 55 5.26886970242634
hsFCER1 55 60 11.9911958348032
hsFCER1 60 65 6.29572703270386
hsFCER1 65 70 5.44219483980365
hsFCER1 70 75 1.95715336799779
hsFCER1 75 80 1.95715336799779
hsFCER1 80 85 13.8857997110934
hsFCER1 85 90 3.8647979915435
hsFCER1 90 95 7.7656566285117
hsFCER1 95 100 3.09975753956882
hsFCER1 100 105 10.0699088367138
hsFCER1 105 110 3.8329319641936
hsFCER1 110 115 16.1323887535086
hsFCER1 115 120 3.22771044626158
hsFCER1 120 125 14.7363280074209
hsFCER1 125 130 4.78336048548105
hsFCER1 130 135 10.2939142521551
hsBCR 0 5 4.21008230273254
hsBCR 5 10 6.52594203313751
hsBCR 10 15 17.1707062398512
hsBCR 15 20 1.42441575816882
hsBCR 20 25 2.34995574304578
hsBCR 25 30 2.28769279691866
hsBCR 30 35 18.2556795648472
hsBCR 35 40 9.8339861827112
hsBCR 40 45 13.1335956825061
hsBCR 45 50 4.23516700978216
hsBCR 50 55 2.87488309993027
hsBCR 55 60 11.9911958348032
hsBCR 60 65 5.44219483980365
hsBCR 65 70 1.95715336799779
hsBCR 70 75 1.95715336799779
hsBCR 75 80 3.8329319641936
hsBCR 80 85 16.1323887535086
hsBCR 85 90 9.09434608266794
hsBCR 90 95 16.5047118318875
hsBCR 95 100 3.22771044626158
hsBCR 100 105 14.7363280074209
hsBCR 105 110 4.78336048548105
hsBCR 110 115 10.2939142521551
hsTCR 0 5 6.52594203313751
hsTCR 5 10 17.1707062398512
hsTCR 10 15 2.54475439701007
hsTCR 15 20 3.25679326813719
hsTCR 20 25 4.96464174022457
hsTCR 25 30 2.34995574304578
hsTCR 30 35 2.28769279691866
hsTCR 35 40 11.086079817367
hsTCR 40 45 18.2556795648472
hsTCR 45 50 9.8339861827112
hsTCR 50 55 6.8055678008559
hsTCR 55 60 4.23516700978216
hsTCR 60 65 11.9911958348032
hsTCR 65 70 5.44219483980365
hsTCR 70 75 1.95715336799779
hsTCR 75 80 1.95715336799779
hsTCR 80 85 9.09274035806798
hsTCR 85 90 3.8647979915435
hsTCR 90 95 7.7656566285117
hsTCR 95 100 3.09975753956882
hsTCR 100 105 3.8329319641936
hsTCR 105 110 16.1323887535086
hsTCR 110 115 9.09434608266794
hsTCR 115 120 16.5047118318875
hsTCR 120 125 3.22771044626158
hsTCR 125 130 5.82048106494224
hsTCR 130 135 11.439263614087
hsTCR 135 140 14.7363280074209
hsTCR 140 145 10.2939142521551
hsIL6 0 5 3.27488188695273
hsIL6 5 10 1.66403700389021
hsIL6 10 15 2.34995574304578
hsIL6 15 20 2.28769279691866
hsIL6 20 25 18.2556795648472
hsIL6 25 30 1.74869385306333
hsIL6 30 35 9.57139660501733
hsIL6 35 40 1.62542136995354
hsIL6 40 45 9.8339861827112
hsIL6 45 50 4.23516700978216
hsIL6 50 55 11.9911958348032
hsIL6 55 60 3.22771044626158
hsIL6 60 65 14.7363280074209
hsIL6 65 70 2.13239621333501
