hsRibosome 0 5 3.44924429973433e-05
hsRibosome 5 10 0.00197894237094788
hsRibosome 10 15 0.00392531567101933
hsRibosome 15 20 0.0056960234694359
hsRibosome 20 25 0.0364221083438956
hsRibosome 25 30 0.00438070794824646
hsRibosome 30 35 0.000360098466788322
hsRibosome 35 40 0.0150107737736634
hsRibosome 40 45 0.0146331192082827
hsRibosome 45 50 0.0112662912440592
hsRibosome 50 55 0.00446612004484521
hsRibosome 55 60 0.014915831638242
hsRibosome 60 65 0.0479570083477421
hsRibosome 65 70 7.22876873655153e-05
hsRibosome 70 75 0.0182947234283566
hsRibosome 75 80 0.0175586289186982
hsRibosome 80 85 0.00168505099705874
hsRibosome 85 90 0.00320182006955664
hsRibosome 90 95 0.000479046249214065
hsRibosome 95 100 0.00080609129634763
hsRibosome 100 105 0.0226375729486451
hsRibosome 105 110 0.000879793555447879
hsRibosome 110 115 0.00769443920342145
hsRibosome 115 120 0.0181410290363625
hsRibosome 120 125 0.00011055915834889
hsRibosome 125 130 0.00162557808356694
hsRibosome 130 135 0.0187449662041654
hsRibosome 135 140 0.0480295554110448
hsRibosome 140 145 0.00158462425450447
hsRibosome 145 150 0.00505507806250586
hsRibosome 150 155 0.006215556120285
hsRibosome 155 160 0.00534695837010066
hsRibosome 160 165 0.00977544975269173
hsRibosome 165 170 0.00380854131193322
hsRibosome 170 175 0.0039751600405381
hsRibosome 175 180 1.31558706169477e-06
hsRibosome 180 185 0.0262123225561368
hsRibosome 185 190 0.0303668885372292
hsRibosome 190 195 0.0145009766364254
hsRibosome 195 200 0.000584942336268558
hsRibosome 200 205 8.580208723701e-05
hsRibosome 205 210 8.38512459825399e-07
hsRibosome 210 215 0.0237410544214158
hsRibosome 215 220 0.000595243314048343
hsRibosome 220 225 3.7932643448998e-06
hsRibosome 225 230 0.000792366402891212
hsRibosome 230 235 0.00554797559946027
hsRibosome 235 240 0.0472955105757155
hsRibosome 240 245 0.0053568600556856
hsRibosome 245 250 5.3282617249102e-05
hsRibosome 250 255 0.0106823364684701
hsRibosome 255 260 0.00366949724957898
hsRibosome 260 265 6.5547909243468e-07
hsRibosome 265 270 1.61382627044681e-05
hsRibosome 270 275 2.75663643098561e-05
hsRibosome 275 280 0.0017275146642019
hsRibosome 280 285 1.69444639723737e-05
hsRibosome 285 290 0.000938195984436952
hsRibosome 290 295 0.000595243314048343
hsRibosome 295 300 4.56449937625991e-05
hsRibosome 300 305 0.0260908603280126
hsRibosome 305 310 1.62836439669751e-05
hsRibosome 310 315 0.000410294688876295
hsRibosome 315 320 0.0270907495783212
hsRibosome 320 325 0.00424196782632543
hsRibosome 325 330 0.00236620912261331
hsRibosome 330 335 0.00101321553262768
hsRibosome 335 340 3.130215269774e-05
hsRibosome 340 345 0.0176682397833103
hsRibosome 345 350 0.000418620268220404
hsRibosome 350 355 0.00184491571415771
hsRibosome 355 360 0.000508495768137304
hsRibosome 360 365 0.00359255249264469
hsRibosome 365 370 0.0327767439225894
hsRibosome 370 375 0.0114231356816187
hsRibosome 375 380 0.013117325683264
hsCoronavirus_disease_COVID_19 0 5 0.0010169107851691
hsCoronavirus_disease_COVID_19 5 10 0.000426671335240369
hsCoronavirus_disease_COVID_19 10 15 0.0024133470377532
hsCoronavirus_disease_COVID_19 15 20 1.99183179642847e-05
hsCoronavirus_disease_COVID_19 20 25 1.6944264717398e-06
hsCoronavirus_disease_COVID_19 25 30 0.00121872702846483
hsCoronavirus_disease_COVID_19 30 35 9.90334280737833e-06
hsCoronavirus_disease_COVID_19 35 40 0.000303788181682811
hsCoronavirus_disease_COVID_19 40 45 0.0232339939255276
hsCoronavirus_disease_COVID_19 45 50 0.0236731862148321
hsCoronavirus_disease_COVID_19 50 55 0.0402061376679286
hsCoronavirus_disease_COVID_19 55 60 0.0042546857474598
hsCoronavirus_disease_COVID_19 60 65 0.00258459792423264
hsCoronavirus_disease_COVID_19 65 70 0.0364221083438956
hsCoronavirus_disease_COVID_19 70 75 0.00446612004484521
hsCoronavirus_disease_COVID_19 75 80 0.014915831638242
hsCoronavirus_disease_COVID_19 80 85 0.0479570083477421
hsCoronavirus_disease_COVID_19 85 90 1.37970214650676e-05
hsCoronavirus_disease_COVID_19 90 95 0.0265774009339716
hsCoronavirus_disease_COVID_19 95 100 1.69690738732839e-08
hsCoronavirus_disease_COVID_19 100 105 0.00556292765095962
hsCoronavirus_disease_COVID_19 105 110 2.01685914869882e-05
hsCoronavirus_disease_COVID_19 110 115 0.00110789496379134
hsCoronavirus_disease_COVID_19 115 120 0.042443546968762
hsCoronavirus_disease_COVID_19 120 125 2.60048546844148e-05
hsCoronavirus_disease_COVID_19 125 130 1.97643130215101e-05
hsCoronavirus_disease_COVID_19 130 135 0.0119540998495481
hsCoronavirus_disease_COVID_19 135 140 0.00607399034435455
hsCoronavirus_disease_COVID_19 140 145 0.000742872695386032
hsCoronavirus_disease_COVID_19 145 150 0.0022359818401833
hsCoronavirus_disease_COVID_19 150 155 0.000614619595585562
hsCoronavirus_disease_COVID_19 155 160 0.0289417143905719
hsCoronavirus_disease_COVID_19 160 165 0.00851370523405618
hsCoronavirus_disease_COVID_19 165 170 0.0279281716333346
hsCoronavirus_disease_COVID_19 170 175 0.000643518381897624
hsCoronavirus_disease_COVID_19 175 180 0.0016565115924468
hsCoronavirus_disease_COVID_19 180 185 6.51002142088829e-05
hsCoronavirus_disease_COVID_19 185 190 9.46465391146589e-06
hsCoronavirus_disease_COVID_19 190 195 0.00266110687476302
hsCoronavirus_disease_COVID_19 195 200 7.0529807277228e-07
hsCoronavirus_disease_COVID_19 200 205 0.00807506986761684
hsCoronavirus_disease_COVID_19 205 210 0.000357590564687324
hsCoronavirus_disease_COVID_19 210 215 0.000457019015324818
hsCoronavirus_disease_COVID_19 215 220 0.000115996706605352
hsCoronavirus_disease_COVID_19 220 225 0.000245749381598563
hsCoronavirus_disease_COVID_19 225 230 0.000105359041202625
hsCoronavirus_disease_COVID_19 230 235 1.76334512362472e-08
hsCoronavirus_disease_COVID_19 235 240 4.59614869777013e-07
hsCoronavirus_disease_COVID_19 240 245 2.98039430606184e-05
hsCoronavirus_disease_COVID_19 245 250 1.43318229853231e-05
hsCoronavirus_disease_COVID_19 250 255 1.83082100914538e-06
hsCoronavirus_disease_COVID_19 255 260 2.00850999308324e-06
hsCoronavirus_disease_COVID_19 260 265 0.0307535413951529
hsCoronavirus_disease_COVID_19 265 270 0.0187691120501028
hsCoronavirus_disease_COVID_19 270 275 0.0243542325596834
hsCoronavirus_disease_COVID_19 275 280 0.0037909874219188
hsCoronavirus_disease_COVID_19 280 285 0.00573478337866765
hsCoronavirus_disease_COVID_19 285 290 0.00020055443511999
hsCoronavirus_disease_COVID_19 290 295 7.7152059490297e-05
hsCoronavirus_disease_COVID_19 295 300 0.000645405540447308
hsCoronavirus_disease_COVID_19 300 305 0.00107924850279667
hsCoronavirus_disease_COVID_19 305 310 0.00271724928039696
hsCoronavirus_disease_COVID_19 310 315 0.0320872583388024
hsCoronavirus_disease_COVID_19 315 320 0.00385545445624393
hsCoronavirus_disease_COVID_19 320 325 0.00492540572369931
hsCoronavirus_disease_COVID_19 325 330 0.000229450714655843
hsCoronavirus_disease_COVID_19 330 335 0.00168505099705874
hsCoronavirus_disease_COVID_19 335 340 0.00320182006955664
hsCoronavirus_disease_COVID_19 340 345 0.000479046249214065
hsCoronavirus_disease_COVID_19 345 350 0.00080609129634763
hsCoronavirus_disease_COVID_19 350 355 0.0226375729486451
hsCoronavirus_disease_COVID_19 355 360 0.000879793555447879
hsCoronavirus_disease_COVID_19 360 365 0.00769443920342145
hsCoronavirus_disease_COVID_19 365 370 0.0181410290363625
hsCoronavirus_disease_COVID_19 370 375 0.00011055915834889
hsCoronavirus_disease_COVID_19 375 380 0.00162557808356694
hsCoronavirus_disease_COVID_19 380 385 0.0187449662041654
hsCoronavirus_disease_COVID_19 385 390 0.0480295554110448
hsCoronavirus_disease_COVID_19 390 395 0.00158462425450447
hsCoronavirus_disease_COVID_19 395 400 0.00505507806250586
hsCoronavirus_disease_COVID_19 400 405 0.006215556120285
hsCoronavirus_disease_COVID_19 405 410 8.580208723701e-05
hsCoronavirus_disease_COVID_19 410 415 8.38512459825399e-07
hsCoronavirus_disease_COVID_19 415 420 0.0237410544214158
hsCoronavirus_disease_COVID_19 420 425 0.000595243314048343
hsCoronavirus_disease_COVID_19 425 430 3.7932643448998e-06
hsCoronavirus_disease_COVID_19 430 435 0.000792366402891212
hsCoronavirus_disease_COVID_19 435 440 0.00554797559946027
hsCoronavirus_disease_COVID_19 440 445 0.0472955105757155
hsCoronavirus_disease_COVID_19 445 450 0.0053568600556856
hsCoronavirus_disease_COVID_19 450 455 5.3282617249102e-05
hsCoronavirus_disease_COVID_19 455 460 0.0106823364684701
hsCoronavirus_disease_COVID_19 460 465 0.00366949724957898
hsCoronavirus_disease_COVID_19 465 470 6.5547909243468e-07
hsCoronavirus_disease_COVID_19 470 475 1.61382627044681e-05
hsCoronavirus_disease_COVID_19 475 480 2.75663643098561e-05
hsCoronavirus_disease_COVID_19 480 485 0.0017275146642019
hsCoronavirus_disease_COVID_19 485 490 1.69444639723737e-05
hsCoronavirus_disease_COVID_19 490 495 0.000938195984436952
hsCoronavirus_disease_COVID_19 495 500 0.000595243314048343
hsCoronavirus_disease_COVID_19 500 505 4.56449937625991e-05
hsCoronavirus_disease_COVID_19 505 510 0.0260908603280126
hsCoronavirus_disease_COVID_19 510 515 1.62836439669751e-05
hsCoronavirus_disease_COVID_19 515 520 0.000410294688876295
hsCoronavirus_disease_COVID_19 520 525 0.0270907495783212
hsCoronavirus_disease_COVID_19 525 530 0.00424196782632543
hsCoronavirus_disease_COVID_19 530 535 0.00236620912261331
hsCoronavirus_disease_COVID_19 535 540 0.00101321553262768
hsCoronavirus_disease_COVID_19 540 545 3.130215269774e-05
hsCoronavirus_disease_COVID_19 545 550 0.0176682397833103
hsCoronavirus_disease_COVID_19 550 555 0.000418620268220404
hsCoronavirus_disease_COVID_19 555 560 0.00184491571415771
hsCoronavirus_disease_COVID_19 560 565 0.000508495768137304
hsCoronavirus_disease_COVID_19 565 570 0.00359255249264469
hsCoronavirus_disease_COVID_19 570 575 0.0327767439225894
hsCoronavirus_disease_COVID_19 575 580 0.0114231356816187
hsCoronavirus_disease_COVID_19 580 585 0.013117325683264
hsCoronavirus_disease_COVID_19 585 590 0.0147815663030162
hsCoronavirus_disease_COVID_19 590 595 0.00405645463286229
hsCoronavirus_disease_COVID_19 595 600 0.0171806726937194
hsCoronavirus_disease_COVID_19 600 605 0.00023513906002288
hsCoronavirus_disease_COVID_19 605 610 0.0260555833197175
hsCoronavirus_disease_COVID_19 610 615 0.0359290361682907
hsCoronavirus_disease_COVID_19 615 620 0.00680963009048216
hsCoronavirus_disease_COVID_19 620 625 0.0214295660327911
hsCoronavirus_disease_COVID_19 625 630 0.00367728045875373
hsCoronavirus_disease_COVID_19 630 635 0.0116605174751985
hsCoronavirus_disease_COVID_19 635 640 0.000502557814743818
hsCoronavirus_disease_COVID_19 640 645 0.000169298141172988
hsCoronavirus_disease_COVID_19 645 650 0.0222351933295801
hsCoronavirus_disease_COVID_19 650 655 0.0384333912744892
hsCoronavirus_disease_COVID_19 655 660 0.0214217477757695
hsCoronavirus_disease_COVID_19 660 665 0.00028898591218598
hsCoronavirus_disease_COVID_19 665 670 1.77306457647332e-08
hsCoronavirus_disease_COVID_19 670 675 1.1344284274071e-05
hsCoronavirus_disease_COVID_19 675 680 0.0352737500879655
hsCoronavirus_disease_COVID_19 680 685 0.0350944937163949
hsCoronavirus_disease_COVID_19 685 690 0.00633981649996527
hsCoronavirus_disease_COVID_19 690 695 0.00279863075146324
hsCoronavirus_disease_COVID_19 695 700 9.8999429998758e-06
hsCoronavirus_disease_COVID_19 700 705 2.38712489410662e-06
hsCoronavirus_disease_COVID_19 705 710 0.0128048661753006
hsUbiquitin_mediated_proteolysis 0 5 9.85667752233088e-09
hsUbiquitin_mediated_proteolysis 5 10 0.000483586951738132
hsUbiquitin_mediated_proteolysis 10 15 2.93088762349916e-06
hsUbiquitin_mediated_proteolysis 15 20 0.0232615537460138
hsUbiquitin_mediated_proteolysis 20 25 9.21361170635125e-06
hsUbiquitin_mediated_proteolysis 25 30 0.0131519668015009
hsUbiquitin_mediated_proteolysis 30 35 7.62611876134737e-08
hsUbiquitin_mediated_proteolysis 35 40 3.80325226496698e-08
hsUbiquitin_mediated_proteolysis 40 45 1.9771477395563e-10
hsUbiquitin_mediated_proteolysis 45 50 6.71803063182831e-08
hsUbiquitin_mediated_proteolysis 50 55 0.00017135824039899
hsUbiquitin_mediated_proteolysis 55 60 0.00192620478762461
hsUbiquitin_mediated_proteolysis 60 65 0.0198359645839942
hsUbiquitin_mediated_proteolysis 65 70 1.95355682823278e-06
hsUbiquitin_mediated_proteolysis 70 75 4.52619063631012e-06
hsUbiquitin_mediated_proteolysis 75 80 0.0221818959544386
hsUbiquitin_mediated_proteolysis 80 85 3.4621408161563e-07
hsUbiquitin_mediated_proteolysis 85 90 0.00236948960418004
hsUbiquitin_mediated_proteolysis 90 95 0.00323638334698366
hsUbiquitin_mediated_proteolysis 95 100 0.00125114142575705
hsUbiquitin_mediated_proteolysis 100 105 2.18361880360858e-05
hsUbiquitin_mediated_proteolysis 105 110 0.0174512433450155
hsUbiquitin_mediated_proteolysis 110 115 4.13356024336315e-06
hsUbiquitin_mediated_proteolysis 115 120 0.000207966484153437
hsUbiquitin_mediated_proteolysis 120 125 0.0398997555283207
hsUbiquitin_mediated_proteolysis 125 130 3.37027429267488e-07
hsUbiquitin_mediated_proteolysis 130 135 0.0404012873687822
hsUbiquitin_mediated_proteolysis 135 140 2.5747683082736e-06
hsUbiquitin_mediated_proteolysis 140 145 0.000971234131997115
hsUbiquitin_mediated_proteolysis 145 150 6.75954732836975e-08
hsUbiquitin_mediated_proteolysis 150 155 0.0481839656264827
hsUbiquitin_mediated_proteolysis 155 160 2.28479708449366e-05
hsUbiquitin_mediated_proteolysis 160 165 1.02917893155768e-06
hsUbiquitin_mediated_proteolysis 165 170 0.0229874457505212
hsUbiquitin_mediated_proteolysis 170 175 0.00316852219155401
hsUbiquitin_mediated_proteolysis 175 180 1.54693663351889e-05
hsUbiquitin_mediated_proteolysis 180 185 1.13187202589639e-06
hsUbiquitin_mediated_proteolysis 185 190 0.000101750456889255
hsUbiquitin_mediated_proteolysis 190 195 0.00133419436147687
hsUbiquitin_mediated_proteolysis 195 200 1.94866845593023e-08
hsUbiquitin_mediated_proteolysis 200 205 1.15639932274718e-07
hsUbiquitin_mediated_proteolysis 205 210 0.0022359818401833
hsUbiquitin_mediated_proteolysis 210 215 8.64233907985476e-06
hsUbiquitin_mediated_proteolysis 215 220 0.0345335311707973
hsUbiquitin_mediated_proteolysis 220 225 1.41272609466091e-05
hsUbiquitin_mediated_proteolysis 225 230 7.11466233639591e-06
hsUbiquitin_mediated_proteolysis 230 235 0.0290244235271279
hsUbiquitin_mediated_proteolysis 235 240 3.97083959268164e-08
hsUbiquitin_mediated_proteolysis 240 245 0.0237148764053146
hsUbiquitin_mediated_proteolysis 245 250 0.000420610699723511
hsUbiquitin_mediated_proteolysis 250 255 0.0313982528465101
hsUbiquitin_mediated_proteolysis 255 260 0.00117602328794477
hsUbiquitin_mediated_proteolysis 260 265 0.00263718894705554
hsUbiquitin_mediated_proteolysis 265 270 0.000482625308689589
hsUbiquitin_mediated_proteolysis 270 275 7.86543920583598e-05
hsUbiquitin_mediated_proteolysis 275 280 6.79277118734682e-05
hsUbiquitin_mediated_proteolysis 280 285 0.008731508693538
hsUbiquitin_mediated_proteolysis 285 290 0.0325473984728994
hsUbiquitin_mediated_proteolysis 290 295 0.000561309015406989
hsUbiquitin_mediated_proteolysis 295 300 0.000998753784088362
hsUbiquitin_mediated_proteolysis 300 305 0.0240127677736186
hsUbiquitin_mediated_proteolysis 305 310 0.00254944847243364
hsUbiquitin_mediated_proteolysis 310 315 0.000938695899582351
hsUbiquitin_mediated_proteolysis 315 320 0.00401738718006184
hsUbiquitin_mediated_proteolysis 320 325 0.000235160579156794
hsUbiquitin_mediated_proteolysis 325 330 5.16638033807841e-05
hsUbiquitin_mediated_proteolysis 330 335 0.035920225116383
hsUbiquitin_mediated_proteolysis 335 340 0.0324276432371267
hsUbiquitin_mediated_proteolysis 340 345 0.0161457076406522
hsUbiquitin_mediated_proteolysis 345 350 1.75715401087173e-06
hsUbiquitin_mediated_proteolysis 350 355 0.00184491571415771
hsUbiquitin_mediated_proteolysis 355 360 0.021245323175929
hsUbiquitin_mediated_proteolysis 360 365 1.03985477130873e-07
hsUbiquitin_mediated_proteolysis 365 370 6.29048113432451e-06
hsUbiquitin_mediated_proteolysis 370 375 0.000839548249878648
hsUbiquitin_mediated_proteolysis 375 380 0.0105676988774336
hsUbiquitin_mediated_proteolysis 380 385 0.00183573226674979
hsUbiquitin_mediated_proteolysis 385 390 0.000983274270938035
hsUbiquitin_mediated_proteolysis 390 395 0.00538098200861217
hsUbiquitin_mediated_proteolysis 395 400 0.00869140415666845
hsUbiquitin_mediated_proteolysis 400 405 0.000260173224465271
hsUbiquitin_mediated_proteolysis 405 410 0.00158552521813157
hsUbiquitin_mediated_proteolysis 410 415 0.0236435258567251
hsUbiquitin_mediated_proteolysis 415 420 7.67012935542823e-07
hsUbiquitin_mediated_proteolysis 420 425 6.37751532796499e-06
hsUbiquitin_mediated_proteolysis 425 430 0.00349914771287175
hsUbiquitin_mediated_proteolysis 430 435 0.000210743140609144
hsUbiquitin_mediated_proteolysis 435 440 0.000412563163272469
hsUbiquitin_mediated_proteolysis 440 445 6.12633090781888e-06
hsUbiquitin_mediated_proteolysis 445 450 0.0328701398532521
hsUbiquitin_mediated_proteolysis 450 455 4.12653231172211e-06
hsUbiquitin_mediated_proteolysis 455 460 0.00630145559519885
hsUbiquitin_mediated_proteolysis 460 465 0.0040937744021758
hsUbiquitin_mediated_proteolysis 465 470 0.0193783672707883
hsUbiquitin_mediated_proteolysis 470 475 0.0395171623432396
hsUbiquitin_mediated_proteolysis 475 480 0.000370531485036794
hsSpliceosome 0 5 0.0442268202021369
hsSpliceosome 5 10 0.000549902427318988
hsSpliceosome 10 15 0.000892907587282912
hsSpliceosome 15 20 2.68443378422873e-06
hsSpliceosome 20 25 0.00043603927871936
hsSpliceosome 25 30 1.73530326289398e-06
hsSpliceosome 30 35 0.00860098481835966
hsSpliceosome 35 40 0.0189774799749533
hsSpliceosome 40 45 0.000938651195115334
hsSpliceosome 45 50 3.50853414991142e-08
hsSpliceosome 50 55 0.0087317079138983
hsSpliceosome 55 60 3.7282844837265e-05
hsSpliceosome 60 65 0.00856739346091259
hsSpliceosome 65 70 0.000496960805238535
hsSpliceosome 70 75 0.000353156176601706
hsSpliceosome 75 80 5.95272624250407e-06
hsSpliceosome 80 85 0.00805759427324085
hsSpliceosome 85 90 0.0405395594604759
hsSpliceosome 90 95 0.00411343391486936
hsSpliceosome 95 100 0.00129208765567818
hsSpliceosome 100 105 0.00938435631681125
hsSpliceosome 105 110 2.92612032698308e-06
hsSpliceosome 110 115 0.00252303434549482
hsSpliceosome 115 120 0.00314548200136078
hsSpliceosome 120 125 0.000674931646945255
hsSpliceosome 125 130 6.79201634505821e-05
hsSpliceosome 130 135 0.00792399336221798
hsSpliceosome 135 140 0.0344848363593981
hsSpliceosome 140 145 0.00199050681167592
hsSpliceosome 145 150 0.00966535929710522
hsSpliceosome 150 155 0.000277709886559855
hsSpliceosome 155 160 1.30279723096749e-05
hsSpliceosome 160 165 0.00598179230940248
hsSpliceosome 165 170 0.000272887500556303
hsSpliceosome 170 175 0.0354333929958425
hsSpliceosome 175 180 7.71786157552037e-05
hsSpliceosome 180 185 0.0461028079176498
hsSpliceosome 185 190 0.0032308975430718
hsSpliceosome 190 195 0.0421193504087021
hsSpliceosome 195 200 8.55847362112898e-06
hsSpliceosome 200 205 2.68794904975533e-06
hsSpliceosome 205 210 0.000201216176856883
hsSpliceosome 210 215 8.39707674541548e-05
hsSpliceosome 215 220 0.0295875932782104
hsSpliceosome 220 225 0.00806864315529764
hsSpliceosome 225 230 0.000706345666333542
hsSpliceosome 230 235 0.0002088240232474
hsSpliceosome 235 240 0.000227418949696766
hsSpliceosome 240 245 0.000522758668764386
hsSpliceosome 245 250 0.00334735106286964
hsSpliceosome 250 255 0.000760564263138991
hsSpliceosome 255 260 0.000130623102301829
hsSpliceosome 260 265 0.00341790138946071
hsSpliceosome 265 270 0.000923244241028089
hsSpliceosome 270 275 0.00013238085177896
hsSpliceosome 275 280 0.000464702655314293
hsSpliceosome 280 285 0.000616896777830107
hsSpliceosome 285 290 1.71945162204868e-05
hsSpliceosome 290 295 6.30296308644272e-05
hsSpliceosome 295 300 0.0377042563681366
hsSpliceosome 300 305 0.0386149358147095
hsSpliceosome 305 310 0.00100385107182072
hsSpliceosome 310 315 0.00118043903672517
hsSpliceosome 315 320 0.00954152488944295
hsSpliceosome 320 325 4.34318490333944e-05
hsSpliceosome 325 330 0.002090322864545
hsSpliceosome 330 335 0.0126581438983015
hsSpliceosome 335 340 0.00485293831213259
hsSpliceosome 340 345 0.0200765845868804
hsSpliceosome 345 350 0.00419675530173144
hsSpliceosome 350 355 0.00575169745130752
hsSpliceosome 355 360 0.000277115398472114
hsSpliceosome 360 365 0.0486018831960838
hsMAPK_signaling_pathway 0 5 0.0125455577571992
hsMAPK_signaling_pathway 5 10 0.00110789496379134
hsMAPK_signaling_pathway 10 15 0.042443546968762
hsMAPK_signaling_pathway 15 20 0.00302718581364489
hsMAPK_signaling_pathway 20 25 4.5823233566467e-05
hsMAPK_signaling_pathway 25 30 5.92862778474336e-07
hsMAPK_signaling_pathway 30 35 1.03278374596648e-07
hsMAPK_signaling_pathway 35 40 3.5229704210405e-07
hsMAPK_signaling_pathway 40 45 0.0154791756430199
hsMAPK_signaling_pathway 45 50 0.00087792492100072
hsMAPK_signaling_pathway 50 55 7.51364581980708e-11
hsMAPK_signaling_pathway 55 60 9.62527616158144e-06
hsMAPK_signaling_pathway 60 65 8.92415577249695e-06
hsMAPK_signaling_pathway 65 70 5.69632973685492e-09
hsMAPK_signaling_pathway 70 75 0.0044044071152614
hsMAPK_signaling_pathway 75 80 7.07404236206417e-05
hsMAPK_signaling_pathway 80 85 0.00409647275293299
hsMAPK_signaling_pathway 85 90 0.00976999264395411
hsMAPK_signaling_pathway 90 95 0.0367621355057159
hsMAPK_signaling_pathway 95 100 2.25095533695013e-06
hsMAPK_signaling_pathway 100 105 3.47988231172795e-05
hsMAPK_signaling_pathway 105 110 0.00216658498139161
hsMAPK_signaling_pathway 110 115 0.00460219166692907
hsMAPK_signaling_pathway 115 120 4.07753545332093e-06
hsMAPK_signaling_pathway 120 125 1.0180526473666e-06
hsMAPK_signaling_pathway 125 130 0.000786844843759595
hsMAPK_signaling_pathway 130 135 0.00219642793992977
hsMAPK_signaling_pathway 135 140 1.11417356992068e-07
hsMAPK_signaling_pathway 140 145 0.0218350373371337
hsMAPK_signaling_pathway 145 150 0.000546692852543403
hsMAPK_signaling_pathway 150 155 2.23636457242063e-05
hsMAPK_signaling_pathway 155 160 2.82999734758086e-07
hsMAPK_signaling_pathway 160 165 7.28607282821943e-06
hsMAPK_signaling_pathway 165 170 0.000685604273689458
hsMAPK_signaling_pathway 170 175 0.000225961421758515
hsMAPK_signaling_pathway 175 180 2.3529323678699e-07
hsMAPK_signaling_pathway 180 185 0.000440326049489606
hsMAPK_signaling_pathway 185 190 5.81514859802553e-08
hsMAPK_signaling_pathway 190 195 0.00442976935753169
hsMAPK_signaling_pathway 195 200 8.92415577249695e-06
hsMAPK_signaling_pathway 200 205 2.60048546844148e-05
hsMAPK_signaling_pathway 205 210 0.00403968358912941
hsMAPK_signaling_pathway 210 215 4.08683703094209e-06
hsMAPK_signaling_pathway 215 220 0.000497342166589889
hsMAPK_signaling_pathway 220 225 0.00234216083969309
hsMAPK_signaling_pathway 225 230 4.33959848431537e-06
hsMAPK_signaling_pathway 230 235 6.22074425183595e-05
hsMAPK_signaling_pathway 235 240 0.000303788181682811
hsMAPK_signaling_pathway 240 245 0.00822715311428305
hsMAPK_signaling_pathway 245 250 1.64518938139324e-07
hsMAPK_signaling_pathway 250 255 1.63375508006192e-05
hsMAPK_signaling_pathway 255 260 1.43198704969743e-06
hsMAPK_signaling_pathway 260 265 0.0155442642570442
hsMAPK_signaling_pathway 265 270 0.000118820285495833
hsMAPK_signaling_pathway 270 275 0.000119661727910069
hsMAPK_signaling_pathway 275 280 0.000124201426845266
hsMAPK_signaling_pathway 280 285 0.00155149862999166
hsMAPK_signaling_pathway 285 290 1.06829217486789e-05
hsMAPK_signaling_pathway 290 295 0.0484718797924464
hsMAPK_signaling_pathway 295 300 0.000742872695386032
hsMAPK_signaling_pathway 300 305 0.0022359818401833
hsMAPK_signaling_pathway 305 310 2.32262307261875e-06
hsMAPK_signaling_pathway 310 315 0.0289417143905719
hsMAPK_signaling_pathway 315 320 0.000393175485618635
hsMAPK_signaling_pathway 320 325 2.22010203938917e-07
hsMAPK_signaling_pathway 325 330 0.00107924850279667
hsMAPK_signaling_pathway 330 335 1.58967896777764e-05
hsMAPK_signaling_pathway 335 340 6.7829294699538e-05
hsMAPK_signaling_pathway 340 345 7.27660363403709e-08
hsMAPK_signaling_pathway 345 350 0.0209871427825892
hsMAPK_signaling_pathway 350 355 2.25109228154511e-06
hsMAPK_signaling_pathway 355 360 0.0024169784521568
hsMAPK_signaling_pathway 360 365 0.000614619595585562
hsMAPK_signaling_pathway 365 370 1.04518636477834e-05
hsMAPK_signaling_pathway 370 375 1.71210224046319e-05
hsMAPK_signaling_pathway 375 380 6.21680029835308e-08
hsMAPK_signaling_pathway 380 385 0.0203860680768446
hsMAPK_signaling_pathway 385 390 4.33559066790627e-07
hsMAPK_signaling_pathway 390 395 0.0151895590344855
hsMAPK_signaling_pathway 395 400 1.97643130215101e-05
hsMAPK_signaling_pathway 400 405 0.0123337370740227
hsMAPK_signaling_pathway 405 410 0.00123329285105455
hsMAPK_signaling_pathway 410 415 0.00540431388310457
hsMAPK_signaling_pathway 415 420 6.19665995268257e-05
hsMAPK_signaling_pathway 420 425 0.000161614748463588
hsMAPK_signaling_pathway 425 430 0.0482338670243916
hsMAPK_signaling_pathway 430 435 8.60341883599975e-06
hsMAPK_signaling_pathway 435 440 0.000423587982957835
hsMAPK_signaling_pathway 440 445 3.54958098251841e-10
hsMAPK_signaling_pathway 445 450 0.00497607122313131
hsMAPK_signaling_pathway 450 455 3.08256529919181e-05
hsMAPK_signaling_pathway 455 460 2.68794904975533e-06
hsMAPK_signaling_pathway 460 465 0.000201216176856883
hsMAPK_signaling_pathway 465 470 8.39707674541548e-05
hsMAPK_signaling_pathway 470 475 0.0295875932782104
hsMAPK_signaling_pathway 475 480 0.00235523586238986
hsMAPK_signaling_pathway 480 485 0.00851370523405618
hsMAPK_signaling_pathway 485 490 0.0279281716333346
hsMAPK_signaling_pathway 490 495 0.000426671335240369
hsMAPK_signaling_pathway 495 500 0.0024133470377532
hsMAPK_signaling_pathway 500 505 0.0019052551571783
hsMAPK_signaling_pathway 505 510 5.68241851735244e-05
hsMAPK_signaling_pathway 510 515 0.0039137912560216
hsMAPK_signaling_pathway 515 520 0.00703845434910385
hsMAPK_signaling_pathway 520 525 0.000108461508814398
hsMAPK_signaling_pathway 525 530 0.00142304876985103
hsMAPK_signaling_pathway 530 535 0.00108615157864252
hsMAPK_signaling_pathway 535 540 4.52255348785385e-07
hsMAPK_signaling_pathway 540 545 0.00991370818978867
hsMAPK_signaling_pathway 545 550 0.00165249663082437
hsMAPK_signaling_pathway 550 555 0.00241074599043646
hsMAPK_signaling_pathway 555 560 0.00128037936694138
hsMAPK_signaling_pathway 560 565 0.000124410437555238
hsMAPK_signaling_pathway 565 570 0.000181082263812359
hsMAPK_signaling_pathway 570 575 0.00405645463286229
hsMAPK_signaling_pathway 575 580 9.09049284872575e-06
hsMAPK_signaling_pathway 580 585 0.000932707829289176
hsMAPK_signaling_pathway 585 590 0.000207639238710801
hsMAPK_signaling_pathway 590 595 4.40969106440916e-08
hsMAPK_signaling_pathway 595 600 0.000202670362846628
hsMAPK_signaling_pathway 600 605 1.97643130215101e-05
hsMAPK_signaling_pathway 605 610 0.000489772441021527
hsMAPK_signaling_pathway 610 615 8.25588741848828e-05
hsMAPK_signaling_pathway 615 620 0.000412701040994528
hsMAPK_signaling_pathway 620 625 0.0145341255274017
hsMAPK_signaling_pathway 625 630 3.77207686792849e-06
hsMAPK_signaling_pathway 630 635 0.00403704316246046
hsMAPK_signaling_pathway 635 640 0.000114545708221435
hsMAPK_signaling_pathway 640 645 8.27618061752131e-05
hsMAPK_signaling_pathway 645 650 0.013184200229636
hsMAPK_signaling_pathway 650 655 0.00710417897843457
hsMAPK_signaling_pathway 655 660 0.00026903420894839
hsMAPK_signaling_pathway 660 665 1.31595512211523e-08
hsMAPK_signaling_pathway 665 670 1.23829788955159e-06
hsMAPK_signaling_pathway 670 675 0.000267297028112835
hsMAPK_signaling_pathway 675 680 0.000213784462224702
hsMAPK_signaling_pathway 680 685 2.42531085769919e-06
hsMAPK_signaling_pathway 685 690 0.0238028183234666
hsMAPK_signaling_pathway 690 695 2.11310199791424e-06
hsMAPK_signaling_pathway 695 700 3.98103469079115e-05
hsMAPK_signaling_pathway 700 705 0.0115798270455675
hsMAPK_signaling_pathway 705 710 1.90408470332895e-07
hsMAPK_signaling_pathway 710 715 0.0211054925869973
hsMAPK_signaling_pathway 715 720 0.000630792855490677
hsMAPK_signaling_pathway 720 725 0.0206986278619719
hsMAPK_signaling_pathway 725 730 0.017487187964173
hsMAPK_signaling_pathway 730 735 0.00331300255121081
hsMAPK_signaling_pathway 735 740 3.04855072097208e-09
hsMAPK_signaling_pathway 740 745 0.000201047757090375
hsMAPK_signaling_pathway 745 750 0.00686968038508158
hsMAPK_signaling_pathway 750 755 1.23928616429149e-05
hsMAPK_signaling_pathway 755 760 4.69043353168428e-07
hsMAPK_signaling_pathway 760 765 0.000190826682379577
hsMAPK_signaling_pathway 765 770 0.0153965424220128
hsMAPK_signaling_pathway 770 775 0.035198054274067
hsMAPK_signaling_pathway 775 780 0.00437848424851305
hsMAPK_signaling_pathway 780 785 0.0171806726937194
hsMAPK_signaling_pathway 785 790 0.00537457671063566
hsMAPK_signaling_pathway 790 795 1.75875904400353e-07
hsMAPK_signaling_pathway 795 800 5.53330924034468e-07
hsMAPK_signaling_pathway 800 805 0.0387864514329016
hsMAPK_signaling_pathway 805 810 0.00782918353689194
hsMAPK_signaling_pathway 810 815 0.0303673523936728
hsMAPK_signaling_pathway 815 820 0.000260329547412188
hsMAPK_signaling_pathway 820 825 3.99409637254213e-08
hsMAPK_signaling_pathway 825 830 6.79104380925818e-05
hsMAPK_signaling_pathway 830 835 0.000439151610383026
hsMAPK_signaling_pathway 835 840 0.00023513906002288
hsMAPK_signaling_pathway 840 845 0.0061215934689452
hsMAPK_signaling_pathway 845 850 0.0260555833197175
hsMAPK_signaling_pathway 850 855 0.00614167100992169
hsMAPK_signaling_pathway 855 860 0.00736675956417422
hsMAPK_signaling_pathway 860 865 0.0465288854755259
hsMAPK_signaling_pathway 865 870 8.84162509428609e-05
hsMAPK_signaling_pathway 870 875 0.00283628465448802
hsMAPK_signaling_pathway 875 880 0.00216224232842624
hsMAPK_signaling_pathway 880 885 0.000851887607361407
hsMAPK_signaling_pathway 885 890 0.0323203125066936
hsMAPK_signaling_pathway 890 895 0.0359290361682907
hsMAPK_signaling_pathway 895 900 9.88124631821084e-06
hsRap1_signaling_pathway 0 5 8.92415577249695e-06
hsRap1_signaling_pathway 5 10 5.69632973685492e-09
hsRap1_signaling_pathway 10 15 0.00442976935753169
hsRap1_signaling_pathway 15 20 0.0256883654637306
hsRap1_signaling_pathway 20 25 1.88057190541789e-07
hsRap1_signaling_pathway 25 30 0.00388472336150482
hsRap1_signaling_pathway 30 35 5.29534779191649e-05
hsRap1_signaling_pathway 35 40 1.01291918018695e-06
hsRap1_signaling_pathway 40 45 6.06026482860272e-05
hsRap1_signaling_pathway 45 50 4.21939006701122e-05
hsRap1_signaling_pathway 50 55 0.00559482783787448
hsRap1_signaling_pathway 55 60 0.0183218136886695
hsRap1_signaling_pathway 60 65 3.97925202049245e-06
hsRap1_signaling_pathway 65 70 0.000194079371634139
hsRap1_signaling_pathway 70 75 5.93148627134423e-07
hsRap1_signaling_pathway 75 80 0.000116574088265335
hsRap1_signaling_pathway 80 85 0.00409647275293299
hsRap1_signaling_pathway 85 90 0.00976999264395411
hsRap1_signaling_pathway 90 95 2.25095533695013e-06
hsRap1_signaling_pathway 95 100 3.47988231172795e-05
hsRap1_signaling_pathway 100 105 0.00216658498139161
hsRap1_signaling_pathway 105 110 0.00460219166692907
hsRap1_signaling_pathway 110 115 4.07753545332093e-06
hsRap1_signaling_pathway 115 120 1.0180526473666e-06
hsRap1_signaling_pathway 120 125 0.000786844843759595
hsRap1_signaling_pathway 125 130 0.00219642793992977
hsRap1_signaling_pathway 130 135 1.11417356992068e-07
hsRap1_signaling_pathway 135 140 0.000546692852543403
hsRap1_signaling_pathway 140 145 2.23636457242063e-05
hsRap1_signaling_pathway 145 150 2.82999734758086e-07
hsRap1_signaling_pathway 150 155 7.28607282821943e-06
hsRap1_signaling_pathway 155 160 0.0151895590344855
hsRap1_signaling_pathway 160 165 0.00217091390030864
hsRap1_signaling_pathway 165 170 5.81637215078747e-09
hsRap1_signaling_pathway 170 175 0.0354915231193802
hsRap1_signaling_pathway 175 180 0.00686388100486749
hsRap1_signaling_pathway 180 185 0.000109176592126593
hsRap1_signaling_pathway 185 190 2.01685914869882e-05
hsRap1_signaling_pathway 190 195 0.00110789496379134
hsRap1_signaling_pathway 195 200 0.042443546968762
hsRap1_signaling_pathway 200 205 5.47391828778101e-05
hsRap1_signaling_pathway 205 210 4.0219798301486e-05
hsRap1_signaling_pathway 210 215 1.38161120110712e-06
hsRap1_signaling_pathway 215 220 0.00455853150959846
hsRap1_signaling_pathway 220 225 4.00865352933891e-06
hsRap1_signaling_pathway 225 230 3.6008070895679e-06
hsRap1_signaling_pathway 230 235 1.71770446555086e-05
hsRap1_signaling_pathway 235 240 9.53464494230103e-07
hsRap1_signaling_pathway 240 245 8.7852017233658e-05
hsRap1_signaling_pathway 245 250 2.7052951480071e-06
hsRap1_signaling_pathway 250 255 0.000672839708542898
hsRap1_signaling_pathway 255 260 6.60395842990094e-09
hsRap1_signaling_pathway 260 265 5.13061833281353e-09
hsRap1_signaling_pathway 265 270 0.000118820285495833
hsRap1_signaling_pathway 270 275 0.000119661727910069
hsRap1_signaling_pathway 275 280 0.000856045265113392
hsRap1_signaling_pathway 280 285 0.00620427165962196
hsRap1_signaling_pathway 285 290 0.0378228793614073
hsRap1_signaling_pathway 290 295 1.76697498550513e-05
hsRap1_signaling_pathway 295 300 3.0752432599782e-07
hsRap1_signaling_pathway 300 305 0.00262561817395841
hsRap1_signaling_pathway 305 310 3.61189237907116e-05
hsRap1_signaling_pathway 310 315 1.09027139498174e-08
hsRap1_signaling_pathway 315 320 0.00940686264621118
hsRap1_signaling_pathway 320 325 6.96548809329554e-07
hsRap1_signaling_pathway 325 330 0.00641978343283788
hsRap1_signaling_pathway 330 335 0.000124201426845266
hsRap1_signaling_pathway 335 340 0.00607778884450733
hsRap1_signaling_pathway 340 345 0.0310812948844531
hsRap1_signaling_pathway 345 350 0.00392081894965522
hsRap1_signaling_pathway 350 355 1.5249353479915e-07
hsRap1_signaling_pathway 355 360 0.000249470508060851
hsRap1_signaling_pathway 360 365 0.000247429669714581
hsRap1_signaling_pathway 365 370 2.30187922462282e-09
hsRap1_signaling_pathway 370 375 8.92415577249695e-06
hsRap1_signaling_pathway 375 380 2.60048546844148e-05
hsRap1_signaling_pathway 380 385 1.97643130215101e-05
hsRap1_signaling_pathway 385 390 1.69690738732839e-08
hsRap1_signaling_pathway 390 395 0.00556292765095962
hsRap1_signaling_pathway 395 400 0.000423587982957835
hsRap1_signaling_pathway 400 405 2.3529323678699e-07
hsRap1_signaling_pathway 405 410 0.000440326049489606
hsRap1_signaling_pathway 410 415 5.81514859802553e-08
hsRap1_signaling_pathway 415 420 0.00168383374106467
hsRap1_signaling_pathway 420 425 0.00132475784388083
hsRap1_signaling_pathway 425 430 0.000744287962942782
hsRap1_signaling_pathway 430 435 0.00150649416356569
hsRap1_signaling_pathway 435 440 0.0389973992215341
hsRap1_signaling_pathway 440 445 0.0126610117668641
hsRap1_signaling_pathway 445 450 1.03218059260905e-06
hsRap1_signaling_pathway 450 455 0.00217566871055514
hsRap1_signaling_pathway 455 460 7.32222464305899e-08
hsRap1_signaling_pathway 460 465 2.68958063807833e-06
hsRap1_signaling_pathway 465 470 0.000241696261599672
hsRap1_signaling_pathway 470 475 0.000404696870521322
hsRap1_signaling_pathway 475 480 1.2959551039595e-08
hsRap1_signaling_pathway 480 485 4.40969106440916e-08
hsRap1_signaling_pathway 485 490 0.000202670362846628
hsRap1_signaling_pathway 490 495 1.97643130215101e-05
hsRap1_signaling_pathway 495 500 0.000489772441021527
hsRap1_signaling_pathway 500 505 8.25588741848828e-05
hsRap1_signaling_pathway 505 510 0.000412701040994528
hsRap1_signaling_pathway 510 515 0.0145341255274017
hsRap1_signaling_pathway 515 520 3.77207686792849e-06
hsRap1_signaling_pathway 520 525 0.00403704316246046
hsRap1_signaling_pathway 525 530 0.000114545708221435
hsRap1_signaling_pathway 530 535 8.27618061752131e-05
hsRap1_signaling_pathway 535 540 0.013184200229636
hsRap1_signaling_pathway 540 545 0.00710417897843457
hsRap1_signaling_pathway 545 550 0.00026903420894839
hsRap1_signaling_pathway 550 555 1.23829788955159e-06
hsRap1_signaling_pathway 555 560 0.000267297028112835
hsRap1_signaling_pathway 560 565 0.000213784462224702
hsRap1_signaling_pathway 565 570 2.42531085769919e-06
hsRap1_signaling_pathway 570 575 3.98103469079115e-05
hsRap1_signaling_pathway 575 580 0.0115798270455675
hsRap1_signaling_pathway 580 585 0.0211054925869973
hsRap1_signaling_pathway 585 590 4.54177990700487e-05
hsRap1_signaling_pathway 590 595 0.0193918630768954
hsRap1_signaling_pathway 595 600 0.00405645463286229
hsRap1_signaling_pathway 600 605 0.00225525582370074
hsRap1_signaling_pathway 605 610 0.0400730867743363
hsRap1_signaling_pathway 610 615 1.99991160655689e-07
hsRap1_signaling_pathway 615 620 0.00437848424851305
hsRap1_signaling_pathway 620 625 2.10642750239369e-05
hsRap1_signaling_pathway 625 630 0.00851308266180926
hsRap1_signaling_pathway 630 635 0.00188856782410176
hsRap1_signaling_pathway 635 640 0.0137937146371542
hsRap1_signaling_pathway 640 645 2.38883854919525e-06
hsRap1_signaling_pathway 645 650 0.0206986278619719
hsRap1_signaling_pathway 650 655 0.017487187964173
hsRap1_signaling_pathway 655 660 0.00331300255121081
hsRap1_signaling_pathway 660 665 0.000260329547412188
hsRap1_signaling_pathway 665 670 0.0147815663030162
hsRap1_signaling_pathway 670 675 0.00736675956417422
hsRap1_signaling_pathway 675 680 0.0465288854755259
hsRap1_signaling_pathway 680 685 0.00789340851804668
hsRas_signaling_pathway 0 5 0.0044044071152614
hsRas_signaling_pathway 5 10 0.00409647275293299
hsRas_signaling_pathway 10 15 0.00976999264395411
hsRas_signaling_pathway 15 20 0.0367621355057159
hsRas_signaling_pathway 20 25 2.25095533695013e-06
hsRas_signaling_pathway 25 30 3.47988231172795e-05
hsRas_signaling_pathway 30 35 0.00216658498139161
hsRas_signaling_pathway 35 40 0.00460219166692907
hsRas_signaling_pathway 40 45 4.07753545332093e-06
hsRas_signaling_pathway 45 50 1.0180526473666e-06
hsRas_signaling_pathway 50 55 0.000786844843759595
hsRas_signaling_pathway 55 60 0.00219642793992977
hsRas_signaling_pathway 60 65 1.11417356992068e-07
hsRas_signaling_pathway 65 70 0.000546692852543403
hsRas_signaling_pathway 70 75 2.23636457242063e-05
hsRas_signaling_pathway 75 80 2.82999734758086e-07
hsRas_signaling_pathway 80 85 7.28607282821943e-06
hsRas_signaling_pathway 85 90 0.000685604273689458
hsRas_signaling_pathway 90 95 0.000889017367326564
hsRas_signaling_pathway 95 100 0.0197865877415087
hsRas_signaling_pathway 100 105 0.000225961421758515
hsRas_signaling_pathway 105 110 2.01685914869882e-05
hsRas_signaling_pathway 110 115 0.0154791756430199
hsRas_signaling_pathway 115 120 1.55230241873946e-06
hsRas_signaling_pathway 120 125 2.85468304788531e-05
hsRas_signaling_pathway 125 130 0.00853955318145513
hsRas_signaling_pathway 130 135 4.5823233566467e-05
hsRas_signaling_pathway 135 140 3.5229704210405e-07
hsRas_signaling_pathway 140 145 1.88057190541789e-07
hsRas_signaling_pathway 145 150 0.00388472336150482
hsRas_signaling_pathway 150 155 5.29534779191649e-05
hsRas_signaling_pathway 155 160 2.3529323678699e-07
hsRas_signaling_pathway 160 165 0.000440326049489606
hsRas_signaling_pathway 165 170 0.00442976935753169
hsRas_signaling_pathway 170 175 5.81514859802553e-08
hsRas_signaling_pathway 175 180 0.00087792492100072
hsRas_signaling_pathway 180 185 7.51364581980708e-11
hsRas_signaling_pathway 185 190 9.62527616158144e-06
hsRas_signaling_pathway 190 195 1.35350789430241e-05
hsRas_signaling_pathway 195 200 1.52422829181555e-07
hsRas_signaling_pathway 200 205 6.7829294699538e-05
hsRas_signaling_pathway 205 210 0.0310812948844531
hsRas_signaling_pathway 210 215 0.000118820285495833
hsRas_signaling_pathway 215 220 0.000119661727910069
hsRas_signaling_pathway 220 225 0.00107924850279667
hsRas_signaling_pathway 225 230 1.58967896777764e-05
hsRas_signaling_pathway 230 235 6.96548809329554e-07
hsRas_signaling_pathway 235 240 1.69690738732839e-08
hsRas_signaling_pathway 240 245 0.00556292765095962
hsRas_signaling_pathway 245 250 0.000423587982957835
hsRas_signaling_pathway 250 255 0.00851370523405618
hsRas_signaling_pathway 255 260 0.0279281716333346
hsRas_signaling_pathway 260 265 0.000426671335240369
hsRas_signaling_pathway 265 270 0.0024133470377532
hsRas_signaling_pathway 270 275 0.0151658414472489
hsRas_signaling_pathway 275 280 5.24420941902225e-05
hsRas_signaling_pathway 280 285 8.92415577249695e-06
hsRas_signaling_pathway 285 290 2.60048546844148e-05
hsRas_signaling_pathway 290 295 0.000497342166589889
hsRas_signaling_pathway 295 300 0.00011943429298504
hsRas_signaling_pathway 300 305 0.000918164645731888
hsRas_signaling_pathway 305 310 8.92415577249695e-06
hsRas_signaling_pathway 310 315 5.69632973685492e-09
hsRas_signaling_pathway 315 320 6.60395842990094e-09
hsRas_signaling_pathway 320 325 5.13061833281353e-09
hsRas_signaling_pathway 325 330 0.00103046503794126
hsRas_signaling_pathway 330 335 7.0529807277228e-07
hsRas_signaling_pathway 335 340 0.00306125577637805
hsRas_signaling_pathway 340 345 0.000167822419812167
hsRas_signaling_pathway 345 350 0.000124201426845266
hsRas_signaling_pathway 350 355 0.00110789496379134
hsRas_signaling_pathway 355 360 0.042443546968762
hsRas_signaling_pathway 360 365 0.0111366004507818
hsRas_signaling_pathway 365 370 7.54035674599761e-08
hsRas_signaling_pathway 370 375 0.00317880551070219
hsRas_signaling_pathway 375 380 1.44773257299479e-05
hsRas_signaling_pathway 380 385 4.40969106440916e-08
hsRas_signaling_pathway 385 390 0.000202670362846628
hsRas_signaling_pathway 390 395 1.97643130215101e-05
hsRas_signaling_pathway 395 400 0.000489772441021527
hsRas_signaling_pathway 400 405 8.25588741848828e-05
hsRas_signaling_pathway 405 410 0.000412701040994528
hsRas_signaling_pathway 410 415 0.0145341255274017
hsRas_signaling_pathway 415 420 3.77207686792849e-06
hsRas_signaling_pathway 420 425 0.00403704316246046
hsRas_signaling_pathway 425 430 0.000114545708221435
hsRas_signaling_pathway 430 435 8.27618061752131e-05
hsRas_signaling_pathway 435 440 0.013184200229636
hsRas_signaling_pathway 440 445 0.00710417897843457
hsRas_signaling_pathway 445 450 0.00026903420894839
hsRas_signaling_pathway 450 455 1.23829788955159e-06
hsRas_signaling_pathway 455 460 0.000267297028112835
hsRas_signaling_pathway 460 465 0.000213784462224702
hsRas_signaling_pathway 465 470 2.42531085769919e-06
hsRas_signaling_pathway 470 475 0.0238028183234666
hsRas_signaling_pathway 475 480 2.11310199791424e-06
hsRas_signaling_pathway 480 485 3.98103469079115e-05
hsRas_signaling_pathway 485 490 0.0115798270455675
hsRas_signaling_pathway 490 495 1.90408470332895e-07
hsRas_signaling_pathway 495 500 0.0211054925869973
hsRas_signaling_pathway 500 505 7.72904479287778e-05
hsRas_signaling_pathway 505 510 0.000132383292187025
hsRas_signaling_pathway 510 515 0.000207639238710801
hsRas_signaling_pathway 515 520 0.0441087136271397
hsRas_signaling_pathway 520 525 7.9927869100234e-05
hsRas_signaling_pathway 525 530 0.00376915275515063
hsRas_signaling_pathway 530 535 5.48429922005077e-08
hsRas_signaling_pathway 535 540 0.00313604290120809
hsRas_signaling_pathway 540 545 8.18903325335837e-05
hsRas_signaling_pathway 545 550 0.000932707829289176
hsRas_signaling_pathway 550 555 0.00168383374106467
hsRas_signaling_pathway 555 560 0.00132475784388083
hsRas_signaling_pathway 560 565 0.000744287962942782
hsRas_signaling_pathway 565 570 0.00150649416356569
hsRas_signaling_pathway 570 575 0.0389973992215341
hsRas_signaling_pathway 575 580 0.00437848424851305
hsRas_signaling_pathway 580 585 3.82680165457292e-08
hsRas_signaling_pathway 585 590 1.54378069059927e-05
hsRas_signaling_pathway 590 595 0.0147815663030162
hsRas_signaling_pathway 595 600 0.00736675956417422
hsRas_signaling_pathway 600 605 0.0465288854755259
hsRas_signaling_pathway 605 610 0.0359290361682907
hsRas_signaling_pathway 610 615 0.0144387755768302
hsRas_signaling_pathway 615 620 0.017487187964173
hsRas_signaling_pathway 620 625 0.00331300255121081
hsRas_signaling_pathway 625 630 0.00731050152322701
hsRas_signaling_pathway 630 635 0.000290303521832661
hsRas_signaling_pathway 635 640 0.0452655883145869
hsRas_signaling_pathway 640 645 0.00430121053459603
hsRas_signaling_pathway 645 650 3.06116569104459e-07
hsRas_signaling_pathway 650 655 8.50764746529898e-07
hsRas_signaling_pathway 655 660 0.000190826682379577
hsRas_signaling_pathway 660 665 0.0153965424220128
hsRas_signaling_pathway 665 670 0.035198054274067
hsRas_signaling_pathway 670 675 1.25778464509361e-07
hsRas_signaling_pathway 675 680 6.44785660270506e-05
hsRas_signaling_pathway 680 685 0.00529832898947989
hsRas_signaling_pathway 685 690 0.00023513906002288
hsRas_signaling_pathway 690 695 0.00553133908399953
hsRas_signaling_pathway 695 700 0.00789340851804668
hsRas_signaling_pathway 700 705 0.00405645463286229
hsPhospholipase_D_signaling_pathway 0 5 2.25095533695013e-06
hsPhospholipase_D_signaling_pathway 5 10 3.47988231172795e-05
hsPhospholipase_D_signaling_pathway 10 15 0.000546692852543403
hsPhospholipase_D_signaling_pathway 15 20 2.23636457242063e-05
hsPhospholipase_D_signaling_pathway 20 25 0.000685604273689458
hsPhospholipase_D_signaling_pathway 25 30 0.000889017367326564
hsPhospholipase_D_signaling_pathway 30 35 0.0197865877415087
hsPhospholipase_D_signaling_pathway 35 40 0.000225961421758515
hsPhospholipase_D_signaling_pathway 40 45 2.3529323678699e-07
hsPhospholipase_D_signaling_pathway 45 50 0.000440326049489606
hsPhospholipase_D_signaling_pathway 50 55 0.00442976935753169
hsPhospholipase_D_signaling_pathway 55 60 5.81514859802553e-08
hsPhospholipase_D_signaling_pathway 60 65 6.60395842990094e-09
hsPhospholipase_D_signaling_pathway 65 70 5.13061833281353e-09
hsPhospholipase_D_signaling_pathway 70 75 1.69690738732839e-08
hsPhospholipase_D_signaling_pathway 75 80 0.00556292765095962
hsPhospholipase_D_signaling_pathway 80 85 0.000423587982957835
hsPhospholipase_D_signaling_pathway 85 90 0.00110135631272348
hsPhospholipase_D_signaling_pathway 90 95 6.96548809329554e-07
hsPhospholipase_D_signaling_pathway 95 100 0.0436620942250819
hsPhospholipase_D_signaling_pathway 100 105 1.44773257299479e-05
hsPhospholipase_D_signaling_pathway 105 110 2.01685914869882e-05
hsPhospholipase_D_signaling_pathway 110 115 0.0425684923812387
hsPhospholipase_D_signaling_pathway 115 120 0.000445551264040138
hsPhospholipase_D_signaling_pathway 120 125 8.7469823756878e-06
hsPhospholipase_D_signaling_pathway 125 130 0.0265774009339716
hsPhospholipase_D_signaling_pathway 130 135 0.00110789496379134
hsPhospholipase_D_signaling_pathway 135 140 0.000497342166589889
hsPhospholipase_D_signaling_pathway 140 145 0.000154769092415005
hsPhospholipase_D_signaling_pathway 145 150 0.00220211261320875
hsPhospholipase_D_signaling_pathway 150 155 0.00125649324503516
hsPhospholipase_D_signaling_pathway 155 160 8.92415577249695e-06
hsPhospholipase_D_signaling_pathway 160 165 2.60048546844148e-05
hsPhospholipase_D_signaling_pathway 165 170 0.0179078418080969
hsPhospholipase_D_signaling_pathway 170 175 0.00155430285182589
hsPhospholipase_D_signaling_pathway 175 180 1.34031716523179e-05
hsPhospholipase_D_signaling_pathway 180 185 1.23054405305831e-05
hsPhospholipase_D_signaling_pathway 185 190 6.080078199971e-06
hsPhospholipase_D_signaling_pathway 190 195 0.00121872702846483
hsPhospholipase_D_signaling_pathway 195 200 1.01291918018695e-06
hsPhospholipase_D_signaling_pathway 200 205 6.06026482860272e-05
hsPhospholipase_D_signaling_pathway 205 210 3.54640846282251e-05
hsPhospholipase_D_signaling_pathway 210 215 5.93148627134423e-07
hsPhospholipase_D_signaling_pathway 215 220 0.000116574088265335
hsPhospholipase_D_signaling_pathway 220 225 0.00302718581364489
hsPhospholipase_D_signaling_pathway 225 230 0.00103215908667812
hsPhospholipase_D_signaling_pathway 230 235 0.00857814718186184
hsPhospholipase_D_signaling_pathway 235 240 7.00545192747459e-07
hsPhospholipase_D_signaling_pathway 240 245 0.0153962521047613
hsPhospholipase_D_signaling_pathway 245 250 0.0030001240683432
hsPhospholipase_D_signaling_pathway 250 255 0.00559482783787448
hsPhospholipase_D_signaling_pathway 255 260 0.0183218136886695
hsPhospholipase_D_signaling_pathway 260 265 3.97925202049245e-06
hsPhospholipase_D_signaling_pathway 265 270 0.0325692307485122
hsPhospholipase_D_signaling_pathway 270 275 0.00624589247347297
hsPhospholipase_D_signaling_pathway 275 280 4.40969106440916e-08
hsPhospholipase_D_signaling_pathway 280 285 0.000114545708221435
hsPhospholipase_D_signaling_pathway 285 290 8.27618061752131e-05
hsPhospholipase_D_signaling_pathway 290 295 3.98103469079115e-05
hsPhospholipase_D_signaling_pathway 295 300 7.72904479287778e-05
hsPhospholipase_D_signaling_pathway 300 305 0.000132383292187025
hsPhospholipase_D_signaling_pathway 305 310 0.0147815663030162
hsPhospholipase_D_signaling_pathway 310 315 0.00736675956417422
hsPhospholipase_D_signaling_pathway 315 320 0.0465288854755259
hsPhospholipase_D_signaling_pathway 320 325 0.00553133908399953
hsPhospholipase_D_signaling_pathway 325 330 0.000190826682379577
hsPhospholipase_D_signaling_pathway 330 335 0.0153965424220128
hsPhospholipase_D_signaling_pathway 335 340 0.035198054274067
hsPhospholipase_D_signaling_pathway 340 345 0.00420415891377445
hsPhospholipase_D_signaling_pathway 345 350 0.017487187964173
hsPhospholipase_D_signaling_pathway 350 355 0.00331300255121081
hsPhospholipase_D_signaling_pathway 355 360 2.64355924158525e-06
hsPhospholipase_D_signaling_pathway 360 365 0.0221383634318172
hsPhospholipase_D_signaling_pathway 365 370 0.00710417897843457
hsPhospholipase_D_signaling_pathway 370 375 2.38712489410662e-06
hsPhospholipase_D_signaling_pathway 375 380 0.00070102216105502
hsPhospholipase_D_signaling_pathway 380 385 0.00916854234498642
hsPhospholipase_D_signaling_pathway 385 390 0.000258655445558084
hsPhospholipase_D_signaling_pathway 390 395 0.00268294839337181
hsPhospholipase_D_signaling_pathway 395 400 4.47705477483687e-06
hsPhospholipase_D_signaling_pathway 400 405 0.0393053576985481
hsPhospholipase_D_signaling_pathway 405 410 0.00414197857344354
hsPhospholipase_D_signaling_pathway 410 415 0.000184529912333013
hsPhospholipase_D_signaling_pathway 415 420 2.96055506916528e-05
hsPhospholipase_D_signaling_pathway 420 425 0.000884036901007162
hsPhospholipase_D_signaling_pathway 425 430 1.03218059260905e-06
hsPhospholipase_D_signaling_pathway 430 435 0.0132938243527962
hsPhospholipase_D_signaling_pathway 435 440 1.2959551039595e-08
hsPhospholipase_D_signaling_pathway 440 445 0.00217566871055514
hsPhospholipase_D_signaling_pathway 445 450 7.32222464305899e-08
hsPhospholipase_D_signaling_pathway 450 455 2.68958063807833e-06
hsPhospholipase_D_signaling_pathway 455 460 0.000241696261599672
hsPhospholipase_D_signaling_pathway 460 465 0.000404696870521322
hsCholine_metabolism_in_cancer 0 5 2.25095533695013e-06
hsCholine_metabolism_in_cancer 5 10 0.000546692852543403
hsCholine_metabolism_in_cancer 10 15 2.23636457242063e-05
hsCholine_metabolism_in_cancer 15 20 0.000685604273689458
hsCholine_metabolism_in_cancer 20 25 0.000225961421758515
hsCholine_metabolism_in_cancer 25 30 2.3529323678699e-07
hsCholine_metabolism_in_cancer 30 35 0.000440326049489606
hsCholine_metabolism_in_cancer 35 40 8.92415577249695e-06
hsCholine_metabolism_in_cancer 40 45 2.60048546844148e-05
hsCholine_metabolism_in_cancer 45 50 0.000497342166589889
hsCholine_metabolism_in_cancer 50 55 1.69690738732839e-08
hsCholine_metabolism_in_cancer 55 60 0.00556292765095962
hsCholine_metabolism_in_cancer 60 65 0.000423587982957835
hsCholine_metabolism_in_cancer 65 70 0.00110135631272348
hsCholine_metabolism_in_cancer 70 75 0.0179078418080969
hsCholine_metabolism_in_cancer 75 80 0.000118820285495833
hsCholine_metabolism_in_cancer 80 85 0.000119661727910069
hsCholine_metabolism_in_cancer 85 90 0.00993130370301518
hsCholine_metabolism_in_cancer 90 95 4.62222755859671e-06
hsCholine_metabolism_in_cancer 95 100 1.06373707376004e-09
hsCholine_metabolism_in_cancer 100 105 6.45752116204416e-06
hsCholine_metabolism_in_cancer 105 110 0.00656780620797999
hsCholine_metabolism_in_cancer 110 115 3.39299459352074e-05
hsCholine_metabolism_in_cancer 115 120 3.44450493616479e-05
hsCholine_metabolism_in_cancer 120 125 3.23658815170673e-05
hsCholine_metabolism_in_cancer 125 130 9.15927801602211e-06
hsCholine_metabolism_in_cancer 130 135 2.01685914869882e-05
hsCholine_metabolism_in_cancer 135 140 0.00155430285182589
hsCholine_metabolism_in_cancer 140 145 1.34031716523179e-05
hsCholine_metabolism_in_cancer 145 150 1.23054405305831e-05
hsCholine_metabolism_in_cancer 150 155 6.080078199971e-06
hsCholine_metabolism_in_cancer 155 160 0.00110789496379134
hsCholine_metabolism_in_cancer 160 165 0.042443546968762
hsCholine_metabolism_in_cancer 165 170 7.92040478723919e-05
hsCholine_metabolism_in_cancer 170 175 0.000252578632369934
hsCholine_metabolism_in_cancer 175 180 4.40969106440916e-08
hsCholine_metabolism_in_cancer 180 185 0.000114545708221435
hsCholine_metabolism_in_cancer 185 190 8.27618061752131e-05
hsCholine_metabolism_in_cancer 190 195 0.017487187964173
hsCholine_metabolism_in_cancer 195 200 0.00331300255121081
hsCholine_metabolism_in_cancer 200 205 0.00023513906002288
hsCholine_metabolism_in_cancer 205 210 0.000190826682379577
hsCholine_metabolism_in_cancer 210 215 0.0153965424220128
hsCholine_metabolism_in_cancer 215 220 0.035198054274067
hsCholine_metabolism_in_cancer 220 225 0.0147815663030162
hsCholine_metabolism_in_cancer 225 230 0.00736675956417422
hsCholine_metabolism_in_cancer 230 235 0.0465288854755259
hsCholine_metabolism_in_cancer 235 240 0.03258341114373
hsCholine_metabolism_in_cancer 240 245 4.61382494867217e-05
hsCholine_metabolism_in_cancer 245 250 0.000734848163525606
hsCholine_metabolism_in_cancer 250 255 0.00437848424851305
hsCholine_metabolism_in_cancer 255 260 9.53132103587711e-05
hsCholine_metabolism_in_cancer 260 265 0.00553133908399953
hsCholine_metabolism_in_cancer 265 270 0.00095625519956074
hsCholine_metabolism_in_cancer 270 275 0.00372737649235514
hsCholine_metabolism_in_cancer 275 280 0.000192444921533077
hsCholine_metabolism_in_cancer 280 285 0.000116864217830468
hsCholine_metabolism_in_cancer 285 290 0.0192393134470582
hsCholine_metabolism_in_cancer 290 295 0.0260555833197175
hsCholine_metabolism_in_cancer 295 300 2.89885479888347e-05
hsCholine_metabolism_in_cancer 300 305 2.64355924158525e-06
hsCholine_metabolism_in_cancer 305 310 0.0221383634318172
hsCholine_metabolism_in_cancer 310 315 0.00710417897843457
hsCholine_metabolism_in_cancer 315 320 0.00405645463286229
hsFocal_adhesion 0 5 6.75954732836975e-08
hsFocal_adhesion 5 10 2.89990277298881e-07
hsFocal_adhesion 10 15 3.36129571546889e-06
hsFocal_adhesion 15 20 7.32893249725471e-05
hsFocal_adhesion 20 25 0.000278362134342579
hsFocal_adhesion 25 30 0.000441903052825879
hsFocal_adhesion 30 35 0.000413591980684788
hsFocal_adhesion 35 40 2.16189165047036e-06
hsFocal_adhesion 40 45 1.42188155824559e-13
hsFocal_adhesion 45 50 1.44773257299479e-05
hsFocal_adhesion 50 55 0.000413110621590532
hsFocal_adhesion 55 60 0.000134702264937291
hsFocal_adhesion 60 65 5.68232790362654e-12
hsFocal_adhesion 65 70 2.59975848348741e-05
hsFocal_adhesion 70 75 1.08497351051131e-12
hsFocal_adhesion 75 80 0.000672839708542898
hsFocal_adhesion 80 85 5.48543153875556e-08
hsFocal_adhesion 85 90 2.65257172376584e-09
hsFocal_adhesion 90 95 0.000361723554888822
hsFocal_adhesion 95 100 1.28538552762665e-10
hsFocal_adhesion 100 105 0.0447587106639873
hsFocal_adhesion 105 110 3.9621747806753e-05
hsFocal_adhesion 110 115 1.20492866954143e-07
hsFocal_adhesion 115 120 3.68255337232137e-08
hsFocal_adhesion 120 125 1.7331556188081e-10
hsFocal_adhesion 125 130 4.11911733895344e-07
hsFocal_adhesion 130 135 0.000906730291516552
hsFocal_adhesion 135 140 8.02086579445036e-05
hsFocal_adhesion 140 145 0.000822631731172227
hsFocal_adhesion 145 150 0.00308825080331713
hsFocal_adhesion 150 155 1.61958750534449e-08
hsFocal_adhesion 155 160 4.30311570845985e-08
hsFocal_adhesion 160 165 2.30187922462282e-09
hsFocal_adhesion 165 170 0.0378228793614073
hsFocal_adhesion 170 175 1.78104662423673e-06
hsFocal_adhesion 175 180 7.83254413950399e-10
hsFocal_adhesion 180 185 9.78925175930246e-08
hsFocal_adhesion 185 190 0.0313803603976482
hsFocal_adhesion 190 195 0.00200754646209091
hsFocal_adhesion 195 200 2.25095533695013e-06
hsFocal_adhesion 200 205 0.00216658498139161
hsFocal_adhesion 205 210 0.00460219166692907
hsFocal_adhesion 210 215 4.07753545332093e-06
hsFocal_adhesion 215 220 0.000546692852543403
hsFocal_adhesion 220 225 2.23636457242063e-05
hsFocal_adhesion 225 230 2.82999734758086e-07
hsFocal_adhesion 230 235 0.0218350373371337
hsFocal_adhesion 235 240 0.00641978343283788
hsFocal_adhesion 240 245 3.10528655123099e-07
hsFocal_adhesion 245 250 6.96548809329554e-07
hsFocal_adhesion 250 255 0.0204131275807818
hsFocal_adhesion 255 260 0.0450723758850634
hsFocal_adhesion 260 265 0.000123333001200695
hsFocal_adhesion 265 270 3.86005101339131e-07
hsFocal_adhesion 270 275 1.41019275508512e-07
hsFocal_adhesion 275 280 1.60670487144838e-07
hsFocal_adhesion 280 285 0.0258652106973855
hsFocal_adhesion 285 290 0.000641615900156006
hsFocal_adhesion 290 295 1.61382627044681e-05
hsFocal_adhesion 295 300 3.1967516123966e-07
hsFocal_adhesion 300 305 0.0179078418080969
hsFocal_adhesion 305 310 3.61189237907116e-05
hsFocal_adhesion 310 315 1.09027139498174e-08
hsFocal_adhesion 315 320 2.07096032563625e-08
hsFocal_adhesion 320 325 4.96039238203941e-09
hsFocal_adhesion 325 330 9.33359321359878e-07
hsFocal_adhesion 330 335 0.000856045265113392
hsFocal_adhesion 335 340 0.00620427165962196
hsFocal_adhesion 340 345 6.21680029835308e-08
hsFocal_adhesion 345 350 0.0203860680768446
hsFocal_adhesion 350 355 4.33559066790627e-07
hsFocal_adhesion 355 360 0.00702109488921824
hsFocal_adhesion 360 365 0.000677008621608978
hsFocal_adhesion 365 370 3.0752432599782e-07
hsFocal_adhesion 370 375 5.13061833281353e-09
hsFocal_adhesion 375 380 0.000423587982957835
hsFocal_adhesion 380 385 3.12950531272375e-07
hsFocal_adhesion 385 390 5.81637215078747e-09
hsFocal_adhesion 390 395 0.00110789496379134
hsFocal_adhesion 395 400 0.042443546968762
hsFocal_adhesion 400 405 8.58693474242442e-05
hsFocal_adhesion 405 410 1.69690738732839e-08
hsFocal_adhesion 410 415 0.00556292765095962
hsFocal_adhesion 415 420 0.00607778884450733
hsFocal_adhesion 420 425 0.000118820285495833
hsFocal_adhesion 425 430 0.000119661727910069
hsFocal_adhesion 430 435 0.00107924850279667
hsFocal_adhesion 435 440 1.58967896777764e-05
hsFocal_adhesion 440 445 0.000124201426845266
hsFocal_adhesion 445 450 0.00217091390030864
hsFocal_adhesion 450 455 0.0151895590344855
hsFocal_adhesion 455 460 0.0083699330272222
hsFocal_adhesion 460 465 8.92415577249695e-06
hsFocal_adhesion 465 470 5.69632973685492e-09
hsFocal_adhesion 470 475 0.0138241570032249
hsFocal_adhesion 475 480 8.7469823756878e-06
hsFocal_adhesion 480 485 0.000889017367326564
hsFocal_adhesion 485 490 0.0197865877415087
hsFocal_adhesion 490 495 0.000685604273689458
hsFocal_adhesion 495 500 0.000225961421758515
hsFocal_adhesion 500 505 8.92415577249695e-06
hsFocal_adhesion 505 510 2.60048546844148e-05
hsFocal_adhesion 510 515 0.0321413602674163
hsFocal_adhesion 515 520 0.0263086472098924
hsFocal_adhesion 520 525 0.0345335311707973
hsFocal_adhesion 525 530 1.41272609466091e-05
hsFocal_adhesion 530 535 7.11466233639591e-06
hsFocal_adhesion 535 540 0.0010721659494305
hsFocal_adhesion 540 545 0.0122677349480921
hsFocal_adhesion 545 550 4.16225486300648e-05
hsFocal_adhesion 550 555 0.0157313039997717
hsFocal_adhesion 555 560 0.0296002498079502
hsFocal_adhesion 560 565 0.00174402029316436
hsFocal_adhesion 565 570 1.39309592824262e-08
hsFocal_adhesion 570 575 1.83410021674351e-05
hsFocal_adhesion 575 580 1.25654072814566e-07
hsFocal_adhesion 580 585 0.00584518840295496
hsFocal_adhesion 585 590 0.000212311505608336
hsFocal_adhesion 590 595 1.2283677773742e-06
hsFocal_adhesion 595 600 2.10642750239369e-05
hsFocal_adhesion 600 605 0.000114545708221435
hsFocal_adhesion 605 610 8.27618061752131e-05
hsFocal_adhesion 610 615 4.40969106440916e-08
hsFocal_adhesion 615 620 0.00710417897843457
hsFocal_adhesion 620 625 0.0115798270455675
hsFocal_adhesion 625 630 0.0211054925869973
hsFocal_adhesion 630 635 0.0138992236378107
hsFocal_adhesion 635 640 0.000879793555447879
hsFocal_adhesion 640 645 5.58509668078858e-05
hsFocal_adhesion 645 650 3.12149454501222e-06
hsFocal_adhesion 650 655 0.000122658426318613
hsFocal_adhesion 655 660 1.33543944192256e-05
hsFocal_adhesion 660 665 0.000932707829289176
hsFocal_adhesion 665 670 0.0448363091117131
hsFocal_adhesion 670 675 0.00736675956417422
hsFocal_adhesion 675 680 0.0465288854755259
hsFocal_adhesion 680 685 0.00405645463286229
hsFocal_adhesion 685 690 0.0147815663030162
hsFocal_adhesion 690 695 0.00851308266180926
hsFocal_adhesion 695 700 0.00188856782410176
hsFocal_adhesion 700 705 0.00437848424851305
hsFocal_adhesion 705 710 3.82680165457292e-08
hsFocal_adhesion 710 715 1.54378069059927e-05
hsFocal_adhesion 715 720 0.00023513906002288
hsFocal_adhesion 720 725 0.0260555833197175
hsFocal_adhesion 725 730 0.0206986278619719
hsFocal_adhesion 730 735 0.000593609071912709
hsFocal_adhesion 735 740 7.72904479287778e-05
hsFocal_adhesion 740 745 0.000132383292187025
hsFocal_adhesion 745 750 0.017487187964173
hsFocal_adhesion 750 755 0.00126286171039291
