hsMAPK 0 5 4.45859269857602
hsMAPK 5 10 1.94393367014904
hsMAPK 10 15 3.36089653676779
hsMAPK 15 20 1.50829865805302
hsMAPK 20 25 3.80979882630908
hsMAPK 25 30 1.54978296399836
hsMAPK 30 35 1.65670870434299
hsMAPK 35 40 2.31482852802724
hsMAPK 40 45 1.76110161435869
hsMAPK 45 50 3.96272228106839
hsMAPK 50 55 1.67290220765861
hsMAPK 55 60 2.28403512992167
hsMAPK 60 65 1.3159867560721
hsMAPK 65 70 1.32375983646105
hsMAPK 70 75 6.04750283617089
hsMAPK 75 80 2.27479065357629
hsMAPK 80 85 2.80381139922366
hsMAPK 85 90 2.87459349110676
hsMAPK 90 95 1.82550217511553
hsMAPK 95 100 3.7302467004492
hsMAPK 100 105 6.8107618452207
hsMAPK 105 110 5.41798045210381
hsMAPK 110 115 2.25799401655918
hsMAPK 115 120 4.29835357113662
hsMAPK 120 125 2.62334578337043
hsMAPK 125 130 2.62334578337043
hsMAPK 130 135 4.59298989941101
hsMAPK 135 140 3.1674457113714
hsMAPK 140 145 3.73425555707538
hsMAPK 145 150 2.12209219320352
hsMAPK 150 155 1.3707334503751
hsMAPK 155 160 4.53042118306706
hsMAPK 160 165 8.22191066796702
hsMAPK 165 170 3.50435411754073
hsMAPK 170 175 5.13561848627369
hsMAPK 175 180 3.39153511453186
hsMAPK 180 185 2.56830372329307
hsMAPK 185 190 4.85394545961104
hsMAPK 190 195 3.33536068393993
hsMAPK 195 200 1.76144384527222
hsMAPK 200 205 2.64676888805021
hsMAPK 205 210 1.96020444291286
hsMAPK 210 215 3.03969232133344
hsMAPK 215 220 2.43205603079838
hsMAPK 220 225 3.16140811699066
hsMAPK 225 230 6.72508784203706
hsMAPK 230 235 4.43768727596635
hsMAPK 235 240 4.8813001977553
hsMAPK 240 245 3.07506441615896
hsMAPK 245 250 1.6927467616031
hsP38MAPK 0 5 1.5751636695936
hsP38MAPK 5 10 1.66232550087307
hsP38MAPK 10 15 1.67415955914751
hsP38MAPK 15 20 3.53451597237428
hsP38MAPK 20 25 6.63620780186724
hsP38MAPK 25 30 1.41316286343068
hsP38MAPK 30 35 5.18013394938051
hsP38MAPK 35 40 1.54474298992637
hsP38MAPK 40 45 3.87663132856055
hsP38MAPK 45 50 3.87663132856055
hsP38MAPK 50 55 1.38032270038342
hsP38MAPK 55 60 2.58929192418821
hsP38MAPK 60 65 1.8586745090643
hsP38MAPK 65 70 1.70135041029917
hsP38MAPK 70 75 7.03326491818295
hsPROTEASOME 0 5 2.35332494390109
hsPROTEASOME 5 10 3.80979882630908
hsPROTEASOME 10 15 3.86975641452002
hsPROTEASOME 15 20 4.42116931071346
hsPROTEASOME 20 25 7.55767199117979
hsPROTEASOME 25 30 4.49018713127816
hsPROTEASOME 30 35 2.31482852802724
hsPROTEASOME 35 40 4.29835357113662
hsPROTEASOME 40 45 3.42570833806997
hsPROTEASOME 45 50 2.36175190415422
hsPROTEASOME 50 55 2.57142156661871
hsPROTEASOME 55 60 2.24398031329962
hsPROTEASOME 60 65 2.48823733976729
hsPROTEASOME 65 70 1.91399074665774
hsPROTEASOME 70 75 1.76144384527222
hsPROTEASOME 75 80 3.03969232133344
hsPROTEASOME 80 85 3.984622194031
hsPROTEASOME 85 90 3.984622194031
hsPROTEASOME 90 95 1.61490915683235
hsPROTEASOME 95 100 1.39350608231821
hsGH 0 5 2.00674134510013
hsGH 5 10 2.77759968228558
hsGH 10 15 3.62671715450947
hsGH 15 20 7.78749380839366
hsGH 20 25 1.58051183743353
hsGH 25 30 2.86416247925587
hsGH 30 35 1.64072565725528
hsGH 35 40 4.33628143172514
hsGH 40 45 5.21570405231767
hsGH 45 50 2.88455602117015
hsGH 50 55 1.78426440095342
hsGH 55 60 5.38392316749931
hsGH 60 65 1.63571992674665
hsGH 65 70 1.88531086240625
hsGH 70 75 2.97780902963357
hsGH 75 80 6.72508784203706
hsGH 80 85 4.43768727596635
hsTPO 0 5 1.56095601181982
hsTPO 5 10 1.50829865805302
hsTPO 10 15 2.48657071983471
hsTPO 15 20 3.80979882630908
hsTPO 20 25 1.99808286636255
hsTPO 25 30 7.83764564036643
hsTPO 30 35 4.13836470025187
hsTPO 35 40 2.31482852802724
hsTPO 40 45 1.76110161435869
hsTPO 45 50 4.29835357113662
hsTPO 50 55 8.22191066796702
hsTPO 55 60 3.50435411754073
hsTPO 60 65 5.13561848627369
hsTPO 65 70 2.48422980286267
hsTPO 70 75 4.15266365084147
hsTPO 75 80 2.08018683634546
hsTPO 80 85 7.18364915563603
hsTPO 85 90 1.76144384527222
hsTPO 90 95 3.03969232133344
hsTPO 95 100 1.61490915683235
hsMET 0 5 1.67063623783301
hsMET 5 10 1.5158531394423
hsMET 10 15 8.09763963727678
hsMET 15 20 2.52960135128453
hsMET 20 25 8.03152483755363
hsMET 25 30 2.88455602117015
hsMET 30 35 1.78426440095342
hsMET 35 40 3.86975641452002
hsMET 40 45 2.87459349110676
hsMET 45 50 5.13561848627369
hsMET 50 55 5.08900735769916
hsMET 55 60 1.71334328122526
hsMET 60 65 2.08018683634546
hsMET 65 70 1.88531086240625
hsMET 70 75 5.62744647591229
hsIL2RB 0 5 2.07657119272095
hsIL2RB 5 10 5.26647402433051
hsIL2RB 10 15 2.2014658899572
hsIL2RB 15 20 5.01410420669384
hsIL2RB 20 25 4.88055753904534
hsIL2RB 25 30 4.66632119621759
hsIL2RB 30 35 2.44537388967699
hsIL2RB 35 40 6.56917905183719
hsIL2RB 40 45 5.88254009512179
hsIL2RB 45 50 1.94393367014904
hsIL2RB 50 55 4.41156221669596
hsIL2RB 55 60 1.50000274398629
hsIL2RB 60 65 2.79153298269979
hsIL2RB 65 70 5.98486447293718
hsIL2RB 70 75 1.81387577237864
hsIL2RB 75 80 5.23646010109085
hsIL2RB 80 85 3.75621502130967
hsIL2RB 85 90 1.67290220765861
hsIL2RB 90 95 2.27479065357629
hsIL2RB 95 100 3.39153511453186
hsIL2RB 100 105 4.85394545961104
hsIL2RB 105 110 6.1630044364844
hsIL2RB 110 115 6.16475526292323
hsIL2RB 115 120 4.35607677443894
hsIL2RB 120 125 5.38392316749931
hsIL2RB 125 130 2.64676888805021
hsIL2RB 130 135 4.84733629300112
hsIL2RB 135 140 1.51468949351979
hsIL2RB 140 145 3.07506441615896
hsIL2RB 145 150 1.6927467616031
hsIL2RB 150 155 2.06555585348587
hsEGF 0 5 4.45859269857602
hsEGF 5 10 1.94393367014904
hsEGF 10 15 7.69929634787212
hsEGF 15 20 2.06677110802336
hsEGF 20 25 2.92344869188548
hsEGF 25 30 5.98486447293718
hsEGF 30 35 1.54978296399836
hsEGF 35 40 1.65670870434299
hsEGF 40 45 2.31482852802724
hsEGF 45 50 3.96272228106839
hsEGF 50 55 1.67290220765861
hsEGF 55 60 2.27479065357629
hsEGF 60 65 2.25799401655918
hsEGF 65 70 4.29835357113662
hsEGF 70 75 3.39153511453186
hsEGF 75 80 2.08018683634546
hsEGF 80 85 2.48823733976729
hsEGF 85 90 1.5595968032265
hsEGF 90 95 1.76144384527222
hsEGF 95 100 2.64676888805021
hsEGF 100 105 2.43205603079838
hsEGF 105 110 1.51468949351979
hsEGF 110 115 1.6927467616031
hsPDGF 0 5 7.92565404914595
hsPDGF 5 10 2.13250617116897
hsPDGF 10 15 1.63636333415276
hsPDGF 15 20 1.99984991623625
hsPDGF 20 25 1.99984991623625
hsPDGF 25 30 3.65191477602484
hsPDGF 30 35 4.69616892451331
hsPDGF 35 40 2.1529769928372
hsPDGF 40 45 2.31527369441067
hsPDGF 45 50 5.75687196529663
hsPDGF 50 55 3.80979882630908
hsPDGF 55 60 7.83764564036643
hsPDGF 60 65 1.65670870434299
hsPDGF 65 70 2.31482852802724
hsPDGF 70 75 1.76110161435869
hsPDGF 75 80 4.29835357113662
hsPDGF 80 85 1.76144384527222
hsPDGF 85 90 4.65988197219509
hsPDGF 90 95 6.1265509587859
hsPDGF 95 100 3.03969232133344
hsPDGF 100 105 1.61490915683235
hsPDGF 105 110 3.62660753951193
hsPDGF 110 115 7.92414373751178
hsPDGF 115 120 4.07071348520752
hsPDGF 120 125 4.07071348520752
hsFCER1 0 5 1.94393367014904
hsFCER1 5 10 3.02539559501871
hsFCER1 10 15 1.42535583088687
hsFCER1 15 20 2.35332494390109
hsFCER1 20 25 3.39706464790628
hsFCER1 25 30 1.54978296399836
hsFCER1 30 35 3.39153511453186
hsFCER1 35 40 3.42570833806997
hsFCER1 40 45 2.36175190415422
hsFCER1 45 50 2.57142156661871
hsFCER1 50 55 2.08018683634546
hsFCER1 55 60 2.64676888805021
hsFCER1 60 65 2.11072552963293
