hsMAPK 0 5 2.02610812701403
hsMAPK 5 10 2.91381797236743
hsMAPK 10 15 1.73024221164171
hsMAPK 15 20 6.54812268265016
hsMAPK 20 25 3.88265424909129
hsMAPK 25 30 4.74003597484808
hsMAPK 30 35 4.74003597484808
hsMAPK 35 40 1.69655260260346
hsMAPK 40 45 2.85518845292095
hsMAPK 45 50 5.30770166141771
hsMAPK 50 55 1.53288887988679
hsMAPK 55 60 1.75907509585492
hsMAPK 60 65 3.50391542640492
hsMAPK 65 70 1.71667415859957
hsMAPK 70 75 2.06933581156366
hsMAPK 75 80 6.25619925176559
hsMAPK 80 85 1.48709286679403
hsMAPK 85 90 1.83543655143078
hsMAPK 90 95 1.30770507145755
hsMAPK 95 100 2.72448085881696
hsMAPK 100 105 2.72448085881696
hsMAPK 105 110 6.02568746201305
hsMAPK 110 115 7.44759659374219
hsMAPK 115 120 4.09245233504243
hsMAPK 120 125 2.72892986774686
hsMAPK 125 130 1.65501318144457
hsMAPK 130 135 2.1989959372884
hsMAPK 135 140 2.57963282213979
hsMAPK 140 145 3.89870440193612
hsMAPK 145 150 3.89870440193612
hsMAPK 150 155 4.87938835029206
hsMAPK 155 160 2.97781682586166
hsMAPK 160 165 3.83956122496414
hsMAPK 165 170 3.03514521290386
hsMAPK 170 175 1.659611894632
hsMAPK 175 180 3.48315423916086
hsMAPK 180 185 7.94325811767787
hsMAPK 185 190 3.72455470770117
hsMAPK 190 195 3.54782219015385
hsMAPK 195 200 2.48631503025693
hsMAPK 200 205 1.62254206158535
hsMAPK 205 210 3.0603814425453
hsMAPK 210 215 3.85272336995718
hsMAPK 215 220 8.58987615711525
hsMAPK 220 225 1.33222191360071
hsMAPK 225 230 4.74169936489177
hsMAPK 230 235 1.99070289358948
hsMAPK 235 240 1.33766446358054
hsMAPK 240 245 5.63631595064216
hsMAPK 245 250 5.02249825007118
hsMAPK 250 255 5.19397383779096
hsMAPK 255 260 5.9132195239734
hsMAPK 260 265 1.84405449376929
hsMAPK 265 270 2.81275520337995
hsMAPK 270 275 2.80003986449432
hsEGF 0 5 3.21080614244914
hsEGF 5 10 6.81643928447968
hsEGF 10 15 1.75807870145562
hsEGF 15 20 3.88265424909129
hsEGF 20 25 4.74003597484808
hsEGF 25 30 4.74003597484808
hsEGF 30 35 2.85518845292095
hsEGF 35 40 5.30770166141771
hsEGF 40 45 1.71667415859957
hsEGF 45 50 2.57963282213979
hsEGF 50 55 3.52226735863228
hsEGF 55 60 3.34300387862994
hsEGF 60 65 1.40756279360195
hsEGF 65 70 1.33222191360071
hsEGF 70 75 8.60891338650745
hsEGF 75 80 5.63631595064216
hsEGF 80 85 1.31762580840998
hsEGF 85 90 5.19397383779096
hsEGF 90 95 2.87010101965867
hsBIOPEPTIDES 0 5 1.34724561823522
hsBIOPEPTIDES 5 10 3.78381530319168
hsBIOPEPTIDES 10 15 4.45025604752198
hsBIOPEPTIDES 15 20 4.47060463724742
hsBIOPEPTIDES 20 25 4.54991272983352
hsBIOPEPTIDES 25 30 3.30843842037113
hsBIOPEPTIDES 30 35 2.57920518428026
hsBIOPEPTIDES 35 40 3.88265424909129
hsBIOPEPTIDES 40 45 4.74003597484808
hsBIOPEPTIDES 45 50 4.74003597484808
hsBIOPEPTIDES 50 55 2.44516810312126
hsBIOPEPTIDES 55 60 5.30770166141771
hsBIOPEPTIDES 60 65 1.53288887988679
hsBIOPEPTIDES 65 70 2.72892986774686
hsBIOPEPTIDES 70 75 2.1989959372884
hsBIOPEPTIDES 75 80 2.57963282213979
hsBIOPEPTIDES 80 85 3.34300387862994
hsBIOPEPTIDES 85 90 1.40756279360195
hsBIOPEPTIDES 90 95 2.34180875513193
hsBIOPEPTIDES 95 100 1.33222191360071
hsBIOPEPTIDES 100 105 5.63631595064216
hsBIOPEPTIDES 105 110 1.31762580840998
hsBIOPEPTIDES 110 115 5.19397383779096
hsBIOPEPTIDES 115 120 2.87010101965867
hsTPO 0 5 3.21080614244914
hsTPO 5 10 3.88265424909129
hsTPO 10 15 4.74003597484808
hsTPO 15 20 4.74003597484808
hsTPO 20 25 2.44516810312126
hsTPO 25 30 2.85518845292095
hsTPO 30 35 5.30770166141771
hsTPO 35 40 2.57963282213979
hsTPO 40 45 1.83643045446558
hsTPO 45 50 3.52226735863228
hsTPO 50 55 3.34300387862994
hsTPO 55 60 1.40756279360195
hsTPO 60 65 1.33222191360071
hsTPO 65 70 8.60891338650745
hsTPO 70 75 5.63631595064216
hsTPO 75 80 1.31762580840998
hsTPO 80 85 5.19397383779096
hsTPO 85 90 2.87010101965867
hsTPO 90 95 6.12281652222485
hsHER2 0 5 3.4436804435859
hsHER2 5 10 1.75807870145562
hsHER2 10 15 2.97557531602882
hsHER2 15 20 8.38626703343181
hsHER2 20 25 2.28772180196178
hsHER2 25 30 3.88265424909129
hsHER2 30 35 2.42090252218737
hsHER2 35 40 4.74003597484808
hsHER2 40 45 4.74003597484808
hsHER2 45 50 5.30770166141771
hsHER2 50 55 2.72892986774686
hsHER2 55 60 2.57963282213979
hsHER2 60 65 3.52226735863228
hsHER2 65 70 1.33222191360071
hsHER2 70 75 5.63631595064216
hsHER2 75 80 1.31762580840998
hsHER2 80 85 2.87010101965867
hsPYK2 0 5 3.57551689457325
hsPYK2 5 10 3.57551689457325
hsPYK2 10 15 4.45025604752198
hsPYK2 15 20 2.59659824342597
hsPYK2 20 25 3.88265424909129
hsPYK2 25 30 4.74003597484808
hsPYK2 30 35 4.74003597484808
hsPYK2 35 40 2.85518845292095
hsPYK2 40 45 5.30770166141771
hsPYK2 45 50 1.53288887988679
hsPYK2 50 55 1.75907509585492
hsPYK2 55 60 1.71667415859957
hsPYK2 60 65 2.72892986774686
hsPYK2 65 70 2.1989959372884
hsPYK2 70 75 2.57963282213979
hsPYK2 75 80 3.0603814425453
hsPYK2 80 85 3.34300387862994
hsPYK2 85 90 1.40756279360195
hsPYK2 90 95 2.34180875513193
hsPYK2 95 100 8.58987615711525
hsPYK2 100 105 1.33222191360071
hsPYK2 105 110 5.63631595064216
hsPYK2 110 115 1.31762580840998
hsPDGF 0 5 3.21080614244914
hsPDGF 5 10 3.88265424909129
hsPDGF 10 15 4.74003597484808
hsPDGF 15 20 4.74003597484808
hsPDGF 20 25 2.85518845292095
hsPDGF 25 30 5.30770166141771
hsPDGF 30 35 1.71667415859957
hsPDGF 35 40 2.57963282213979
hsPDGF 40 45 3.86076349052519
hsPDGF 45 50 1.68566246676276
hsPDGF 50 55 3.52226735863228
hsPDGF 55 60 3.34300387862994
hsPDGF 60 65 1.40756279360195
hsPDGF 65 70 1.33222191360071
hsPDGF 70 75 8.60891338650745
hsPDGF 75 80 5.63631595064216
hsPDGF 80 85 1.31762580840998
hsPDGF 85 90 5.19397383779096
hsPDGF 90 95 2.87010101965867
hsERK 0 5 4.62171098065926
hsERK 5 10 1.75807870145562
hsERK 10 15 3.15076390880736
hsERK 15 20 3.88265424909129
hsERK 20 25 4.74003597484808
hsERK 25 30 4.74003597484808
hsERK 30 35 8.93325053517633
hsERK 35 40 5.28110873608423
hsERK 40 45 5.30770166141771
hsERK 45 50 1.53288887988679
hsERK 50 55 2.72892986774686
hsERK 55 60 2.57963282213979
hsERK 60 65 7.94325811767787
hsERK 65 70 3.72455470770117
hsERK 70 75 3.54782219015385
hsERK 75 80 1.64895612642935
hsERK 80 85 5.04366872362606
hsERK 85 90 1.68566246676276
hsERK 90 95 6.78441187144542
hsERK 95 100 1.33222191360071
hsERK 100 105 5.63631595064216
hsERK 105 110 1.31762580840998
hsERK 110 115 2.87010101965867
hsGH 0 5 5.6478198233774
hsGH 5 10 3.88265424909129
hsGH 10 15 3.44385516944584
hsGH 15 20 4.74003597484808
hsGH 20 25 4.74003597484808
hsGH 25 30 3.26878078753789
hsGH 30 35 6.56422076109192
hsGH 35 40 2.44516810312126
hsGH 40 45 5.30770166141771
hsGH 45 50 2.72892986774686
hsGH 50 55 2.57963282213979
hsGH 55 60 3.52226735863228
hsGH 60 65 3.34300387862994
hsGH 65 70 1.40756279360195
hsGH 70 75 1.79735054830777
hsGH 75 80 1.33222191360071
hsGH 80 85 5.63631595064216
hsGH 85 90 5.24725111366736
hsGH 90 95 5.24725111366736
hsGH 95 100 1.31762580840998
hsKERATINOCYTE 0 5 2.91381797236743
hsKERATINOCYTE 5 10 1.73024221164171
hsKERATINOCYTE 10 15 6.81643928447968
hsKERATINOCYTE 15 20 1.75807870145562
hsKERATINOCYTE 20 25 4.27791464908077
hsKERATINOCYTE 25 30 3.24404466828695
hsKERATINOCYTE 30 35 3.8350038294991
hsKERATINOCYTE 35 40 4.74003597484808
hsKERATINOCYTE 40 45 4.74003597484808
hsKERATINOCYTE 45 50 1.69655260260346
hsKERATINOCYTE 50 55 2.85518845292095
hsKERATINOCYTE 55 60 5.30770166141771
hsKERATINOCYTE 60 65 1.75907509585492
hsKERATINOCYTE 65 70 3.50391542640492
hsKERATINOCYTE 70 75 1.71667415859957
hsKERATINOCYTE 75 80 1.48709286679403
hsKERATINOCYTE 80 85 2.72892986774686
hsKERATINOCYTE 85 90 2.1989959372884
hsKERATINOCYTE 90 95 2.57963282213979
hsKERATINOCYTE 95 100 2.48631503025693
hsKERATINOCYTE 100 105 1.62254206158535
hsKERATINOCYTE 105 110 1.40756279360195
hsKERATINOCYTE 110 115 1.51712837556575
hsKERATINOCYTE 115 120 1.41547733645063
hsKERATINOCYTE 120 125 3.13363960435557
hsKERATINOCYTE 125 130 6.09203000592726
hsKERATINOCYTE 130 135 1.33222191360071
hsKERATINOCYTE 135 140 4.74169936489177
hsKERATINOCYTE 140 145 5.02249825007118
hsKERATINOCYTE 145 150 5.52552308973706
