hsPROTEASOME 0 5 1.42366785792723
hsPROTEASOME 5 10 2.04295110246396
hsPROTEASOME 10 15 1.61106989158039
hsPROTEASOME 15 20 2.82760556132878
hsPROTEASOME 20 25 5.53999392413479
hsPROTEASOME 25 30 1.35684739617612
hsPROTEASOME 30 35 1.52489038943572
hsPROTEASOME 35 40 4.67400084208472
hsPROTEASOME 40 45 4.67400084208472
hsPROTEASOME 45 50 3.28466897708836
hsPROTEASOME 50 55 3.33036474258154
hsPROTEASOME 55 60 2.35019264104169
hsPROTEASOME 60 65 2.04969325132209
hsPROTEASOME 65 70 2.6129110405017
hsMAPK 0 5 4.16808213792322
hsMAPK 5 10 1.84684021833604
hsMAPK 10 15 3.50596088462184
hsMAPK 15 20 3.84718467044124
hsMAPK 20 25 3.21079303654429
hsMAPK 25 30 2.12112154297896
hsMAPK 30 35 1.37260353179557
hsMAPK 35 40 1.33022738420557
hsMAPK 40 45 3.32590364845547
hsMAPK 45 50 1.53770932974122
hsMAPK 50 55 3.74508132496558
hsMAPK 55 60 1.78275802363522
hsMAPK 60 65 2.43289908351477
hsMAPK 65 70 2.20272256584684
hsMAPK 70 75 1.38536912006805
hsMAPK 75 80 1.95433687291848
hsMAPK 80 85 3.29635699643564
hsMAPK 85 90 3.65680774912667
hsMAPK 90 95 2.58906177848111
hsMAPK 95 100 2.41919449255754
hsMAPK 100 105 2.41919449255754
hsMAPK 105 110 2.86237775681797
hsMAPK 110 115 2.45710528400252
hsMAPK 115 120 4.55773889924664
hsMAPK 120 125 5.57325367646665
hsMAPK 125 130 4.79946394890122
hsMAPK 130 135 4.48356794510095
hsMAPK 135 140 4.38975158069268
hsMAPK 140 145 4.59045435609074
hsMAPK 145 150 2.0206222122448
hsMAPK 150 155 4.08656645721826
hsMAPK 155 160 4.15232355070797
hsMAPK 160 165 1.42778664258678
hsMAPK 165 170 3.18278002437357
hsMAPK 170 175 1.54949455799123
hsMAPK 175 180 1.54949455799123
hsMAPK 180 185 1.58712466922815
hsMAPK 185 190 1.51705753838437
hsMAPK 190 195 2.75614308279323
hsMAPK 195 200 0
hsMAPK 200 205 3.68289335710549
hsMAPK 205 210 3.18203826491627
hsMAPK 210 215 3.04122008066132
hsMAPK 215 220 3.48928525662558
hsMAPK 220 225 2.82639813971451
hsP38MAPK 0 5 1.39936085704439
hsP38MAPK 5 10 2.07075452406854
hsP38MAPK 10 15 1.56997979550404
hsP38MAPK 15 20 2.97240493024622
hsP38MAPK 20 25 1.86114812168517
hsP38MAPK 25 30 3.66148663225161
hsP38MAPK 30 35 3.50596088462184
hsP38MAPK 35 40 3.54154854080365
hsP38MAPK 40 45 2.12112154297896
hsP38MAPK 45 50 1.37260353179557
hsP38MAPK 50 55 2.58906177848111
hsP38MAPK 55 60 3.06937701979987
hsP38MAPK 60 65 2.18133799621637
hsP38MAPK 65 70 1.42778664258678
hsP38MAPK 70 75 2.75614308279323
hsP38MAPK 75 80 3.68289335710549
hsP38MAPK 80 85 2.04371798006545
hsP38MAPK 85 90 2.43850472855739
hsBIOPEPTIDES 0 5 4.60146083491037
hsBIOPEPTIDES 5 10 3.84718467044124
hsBIOPEPTIDES 10 15 2.15218396126635
hsBIOPEPTIDES 15 20 2.20272256584684
hsBIOPEPTIDES 20 25 4.34317693692861
hsBIOPEPTIDES 25 30 2.0206222122448
hsBIOPEPTIDES 30 35 3.18278002437357
hsBIOPEPTIDES 35 40 6.68835380930803
hsBIOPEPTIDES 40 45 1.87736220256304
hsBIOPEPTIDES 45 50 2.88683191640007
hsBIOPEPTIDES 50 55 3.48928525662558
hsTPO 0 5 2.00677114649489
hsTPO 5 10 4.91759468731762
hsTPO 10 15 1.31869496451666
hsTPO 15 20 1.63131255365467
hsTPO 20 25 2.30029763197128
hsTPO 25 30 3.10023201093149
hsTPO 30 35 1.57329703626133
hsTPO 35 40 1.8386338051114
hsTPO 40 45 1.88967316202393
hsTPO 45 50 1.69276093682935
hsTPO 50 55 2.22635815461845
hsTPO 55 60 3.19462642994668
hsTPO 60 65 3.18203826491627
hsTPO 65 70 1.34441292751129
hsEPO 0 5 2.00677114649489
hsEPO 5 10 1.31869496451666
hsEPO 10 15 1.36775859411512
hsEPO 15 20 2.34104193164133
hsEPO 20 25 2.0305046283365
hsEPO 25 30 4.96660925778572
hsEPO 30 35 4.40381246430404
hsEPO 35 40 5.12627391208707
hsEPO 40 45 2.43086974833618
hsEPO 45 50 2.00650783406117
hsEPO 50 55 1.40423071485448
hsEPO 55 60 3.37569733540586
hsEGF 0 5 1.81739076737411
hsEGF 5 10 3.50596088462184
hsEGF 10 15 4.24795538571672
hsEGF 15 20 4.00259971755153
hsEGF 20 25 2.12112154297896
hsEGF 25 30 1.37260353179557
hsEGF 30 35 2.58906177848111
hsEGF 35 40 4.48356794510095
hsEGF 40 45 4.38975158069268
hsEGF 45 50 4.59045435609074
hsEGF 50 55 1.5900043351798
hsEGF 55 60 1.83716348682988
hsEGF 60 65 3.49157145040691
hsEGF 65 70 3.49119371295307
hsEGF 70 75 1.42778664258678
hsEGF 75 80 1.54949455799123
hsEGF 80 85 1.54949455799123
hsEGF 85 90 1.58712466922815
hsEGF 90 95 2.75614308279323
hsEGF 95 100 2.04371798006545
hsBCR 0 5 1.94719652057354
hsBCR 5 10 4.65461204217454
hsBCR 10 15 4.10692302911259
hsBCR 15 20 2.58976336097058
hsBCR 20 25 4.91759468731762
hsBCR 25 30 1.87508434431496
hsBCR 30 35 3.78806019392049
hsBCR 35 40 1.45496553701356
hsBCR 40 45 3.53445981784641
hsBCR 45 50 2.58280680517567
hsBCR 50 55 2.58280680517567
hsBCR 55 60 1.61389539163006
hsBCR 60 65 1.54949455799123
hsBCR 65 70 1.54949455799123
hsBCR 70 75 1.34441292751129
hsBCR 75 80 4.75289293477486
hsFCER1 0 5 1.31558034320164
hsFCER1 5 10 1.7028703403176
hsFCER1 10 15 1.30597427232321
hsFCER1 15 20 2.23576524395125
hsFCER1 20 25 1.87187457705693
hsFCER1 25 30 2.25388307472361
hsFCER1 30 35 3.6166757078421
hsFCER1 35 40 1.81403821448356
hsPDGF 0 5 5.49376087263185
hsPDGF 5 10 2.98060205945268
hsPDGF 10 15 2.13120848294271
hsPDGF 15 20 4.67403221335159
hsPDGF 20 25 2.27064748868493
hsPDGF 25 30 2.99602383574246
hsPDGF 30 35 2.05633741454374
hsPDGF 35 40 4.60146083491037
hsPDGF 40 45 4.67669512969342
hsPDGF 45 50 1.8231758384741
hsPDGF 50 55 2.0206222122448
hsPDGF 55 60 3.18278002437357
hsPDGF 60 65 4.51795092411202
hsPDGF 65 70 3.19700511052317
hsPDGF 70 75 3.17377632065779
hsPDGF 75 80 3.48928525662558
hsPDGF 80 85 2.82639813971451
