hsRibosome 0 5 0.00116860111165958
hsRibosome 5 10 0.027729204578928
hsRibosome 10 15 0.00101534591703157
hsRibosome 15 20 0.00521347064325231
hsRibosome 20 25 0.037545374143182
hsRibosome 25 30 0.0270868594770189
hsRibosome 30 35 0.000315095464762626
hsRibosome 35 40 0.00362922981202035
hsRibosome 40 45 0.000378277428085886
hsRibosome 45 50 0.000311260319460116
hsRibosome 50 55 2.24224575893585e-05
hsRibosome 55 60 0.015564233927836
hsRibosome 60 65 0.00494144034470202
hsRibosome 65 70 0.0125310135399796
hsRibosome 70 75 1.48756646083203e-06
hsRibosome 75 80 0.00649300677610607
hsRibosome 80 85 0.0186382969673358
hsRibosome 85 90 9.34438547612632e-05
hsRibosome 90 95 0.00132069080264503
hsRibosome 95 100 0.032922189455599
hsRibosome 100 105 0.00632669050488549
hsRibosome 105 110 0.0433251887834881
hsRibosome 110 115 0.00634816404205885
hsRibosome 115 120 6.70181828162153e-07
hsRibosome 120 125 0.0305230764047409
hsRibosome 125 130 1.14319793862791e-07
hsRibosome 130 135 0.000875601868225458
hsRibosome 135 140 0.00176898364806064
hsRibosome 140 145 0.000273374010092725
hsRibosome 145 150 2.27792737989346e-05
hsRibosome 150 155 3.59958856172444e-05
hsRibosome 155 160 0.000173267558017813
hsRibosome 160 165 0.00246689582757543
hsRibosome 165 170 0.000589804234632125
hsRibosome 170 175 0.000450906889904101
hsRibosome 175 180 6.29204814504098e-07
hsRibosome 180 185 2.70268869543982e-07
hsRibosome 185 190 1.26014138178507e-06
hsRibosome 190 195 0.00909141594962342
hsRibosome 195 200 0.00334125302344585
hsRibosome 200 205 0.00714797400630364
hsRibosome 205 210 0.0305024692720522
hsRibosome 210 215 9.90149776480904e-09
hsRibosome 215 220 0.0216505915339336
hsRibosome 220 225 0.00124374063129475
hsRibosome 225 230 0.00391307055309362
hsRibosome 230 235 0.0263068414983905
hsRibosome 235 240 0.000271874884453188
hsRibosome 240 245 0.000374208508957621
hsRibosome 245 250 4.46990442309298e-05
hsRibosome 250 255 0.00521900438815693
hsRibosome 255 260 0.000807511911007515
hsRibosome 260 265 0.0206429229307417
hsRibosome 265 270 0.0108584561380459
hsRibosome 270 275 2.87402170869163e-06
hsRibosome 275 280 0.0134352970357252
hsRibosome 280 285 0.0151750094834625
hsRibosome 285 290 0.0243193451432962
hsRibosome 290 295 0.0182846652145274
hsRibosome 295 300 0.00128223747959892
hsCoronavirus_disease_COVID_19 0 5 0.0269720539187111
hsCoronavirus_disease_COVID_19 5 10 0.00386305331221469
hsCoronavirus_disease_COVID_19 10 15 0.00373514745661644
hsCoronavirus_disease_COVID_19 15 20 1.18172636010243e-05
hsCoronavirus_disease_COVID_19 20 25 0.0128165077646386
hsCoronavirus_disease_COVID_19 25 30 8.92401516830516e-06
hsCoronavirus_disease_COVID_19 30 35 0.000140341417346415
hsCoronavirus_disease_COVID_19 35 40 0.000106093802102014
hsCoronavirus_disease_COVID_19 40 45 0.0149218028001317
hsCoronavirus_disease_COVID_19 45 50 0.026058788620022
hsCoronavirus_disease_COVID_19 50 55 0.0428853959107796
hsCoronavirus_disease_COVID_19 55 60 0.0273805856904067
hsCoronavirus_disease_COVID_19 60 65 2.65732172516364e-07
hsCoronavirus_disease_COVID_19 65 70 2.21283457058408e-05
hsCoronavirus_disease_COVID_19 70 75 0.0012095025833387
hsCoronavirus_disease_COVID_19 75 80 0.02822898882004
hsCoronavirus_disease_COVID_19 80 85 0.0180754902463275
hsCoronavirus_disease_COVID_19 85 90 0.00333788417904768
hsCoronavirus_disease_COVID_19 90 95 0.000747471793271098
hsCoronavirus_disease_COVID_19 95 100 0.000222226410267511
hsCoronavirus_disease_COVID_19 100 105 0.00532952410608245
hsCoronavirus_disease_COVID_19 105 110 0.00318241503507035
hsCoronavirus_disease_COVID_19 110 115 1.77145341911043e-05
hsCoronavirus_disease_COVID_19 115 120 0.00560638109804995
hsCoronavirus_disease_COVID_19 120 125 0.0395933722577526
hsCoronavirus_disease_COVID_19 125 130 0.000821290199893047
hsCoronavirus_disease_COVID_19 130 135 9.06064343700539e-05
hsCoronavirus_disease_COVID_19 135 140 0.0106334580463874
hsCoronavirus_disease_COVID_19 140 145 0.000705259782001526
hsCoronavirus_disease_COVID_19 145 150 3.35990358440569e-07
hsCoronavirus_disease_COVID_19 150 155 4.10284631013588e-06
hsCoronavirus_disease_COVID_19 155 160 7.08168542525837e-11
hsCoronavirus_disease_COVID_19 160 165 0.00188012486311673
hsCoronavirus_disease_COVID_19 165 170 0.000123941374415106
hsCoronavirus_disease_COVID_19 170 175 0.00131565402819451
hsCoronavirus_disease_COVID_19 175 180 5.75661836218268e-08
hsCoronavirus_disease_COVID_19 180 185 0.00256809747090555
hsCoronavirus_disease_COVID_19 185 190 1.99084642919379e-06
hsCoronavirus_disease_COVID_19 190 195 1.55984526401895e-07
hsCoronavirus_disease_COVID_19 195 200 1.37880596079722e-06
hsCoronavirus_disease_COVID_19 200 205 9.5149925491657e-09
hsCoronavirus_disease_COVID_19 205 210 4.25693144561588e-08
hsCoronavirus_disease_COVID_19 210 215 6.73564684595617e-12
hsCoronavirus_disease_COVID_19 215 220 6.90912351099043e-11
hsCoronavirus_disease_COVID_19 220 225 9.78604957572939e-13
hsCoronavirus_disease_COVID_19 225 230 4.86240715286254e-10
hsCoronavirus_disease_COVID_19 230 235 3.59555761362192e-10
hsCoronavirus_disease_COVID_19 235 240 6.22209791956683e-07
hsCoronavirus_disease_COVID_19 240 245 0.00736669331901431
hsCoronavirus_disease_COVID_19 245 250 0.00208144392713836
hsCoronavirus_disease_COVID_19 250 255 0.00145739413728243
hsCoronavirus_disease_COVID_19 255 260 0.00779200491329074
hsCoronavirus_disease_COVID_19 260 265 0.000746102966265376
hsCoronavirus_disease_COVID_19 265 270 0.000914425276625126
hsCoronavirus_disease_COVID_19 270 275 1.64412669271341e-05
hsCoronavirus_disease_COVID_19 275 280 1.82851454814984e-06
hsCoronavirus_disease_COVID_19 280 285 3.00383685855625e-06
hsCoronavirus_disease_COVID_19 285 290 2.29633411081766e-06
hsCoronavirus_disease_COVID_19 290 295 0.0225992486278129
hsCoronavirus_disease_COVID_19 295 300 0.0114469658728635
hsCoronavirus_disease_COVID_19 300 305 0.0393412203838672
hsCoronavirus_disease_COVID_19 305 310 1.26726067494817e-05
hsCoronavirus_disease_COVID_19 310 315 0.000315095464762626
hsCoronavirus_disease_COVID_19 315 320 0.00362922981202035
hsCoronavirus_disease_COVID_19 320 325 0.000378277428085886
hsCoronavirus_disease_COVID_19 325 330 0.000311260319460116
hsCoronavirus_disease_COVID_19 330 335 2.24224575893585e-05
hsCoronavirus_disease_COVID_19 335 340 0.015564233927836
hsCoronavirus_disease_COVID_19 340 345 0.00494144034470202
hsCoronavirus_disease_COVID_19 345 350 0.0125310135399796
hsCoronavirus_disease_COVID_19 350 355 1.48756646083203e-06
hsCoronavirus_disease_COVID_19 355 360 0.00649300677610607
hsCoronavirus_disease_COVID_19 360 365 0.0186382969673358
hsCoronavirus_disease_COVID_19 365 370 9.34438547612632e-05
hsCoronavirus_disease_COVID_19 370 375 0.00132069080264503
hsCoronavirus_disease_COVID_19 375 380 0.00634816404205885
hsCoronavirus_disease_COVID_19 380 385 6.70181828162153e-07
hsCoronavirus_disease_COVID_19 385 390 0.0305230764047409
hsCoronavirus_disease_COVID_19 390 395 1.14319793862791e-07
hsCoronavirus_disease_COVID_19 395 400 0.000875601868225458
hsCoronavirus_disease_COVID_19 400 405 0.00176898364806064
hsCoronavirus_disease_COVID_19 405 410 0.000273374010092725
hsCoronavirus_disease_COVID_19 410 415 2.27792737989346e-05
hsCoronavirus_disease_COVID_19 415 420 3.59958856172444e-05
hsCoronavirus_disease_COVID_19 420 425 0.000173267558017813
hsCoronavirus_disease_COVID_19 425 430 0.00246689582757543
hsCoronavirus_disease_COVID_19 430 435 0.000589804234632125
hsCoronavirus_disease_COVID_19 435 440 0.000450906889904101
hsCoronavirus_disease_COVID_19 440 445 6.29204814504098e-07
hsCoronavirus_disease_COVID_19 445 450 2.70268869543982e-07
hsCoronavirus_disease_COVID_19 450 455 1.26014138178507e-06
hsCoronavirus_disease_COVID_19 455 460 0.00909141594962342
hsCoronavirus_disease_COVID_19 460 465 0.00334125302344585
hsCoronavirus_disease_COVID_19 465 470 0.00714797400630364
hsCoronavirus_disease_COVID_19 470 475 0.0305024692720522
hsCoronavirus_disease_COVID_19 475 480 9.90149776480904e-09
hsCoronavirus_disease_COVID_19 480 485 0.0216505915339336
hsCoronavirus_disease_COVID_19 485 490 0.00124374063129475
hsCoronavirus_disease_COVID_19 490 495 0.00391307055309362
hsCoronavirus_disease_COVID_19 495 500 0.0263068414983905
hsCoronavirus_disease_COVID_19 500 505 0.000271874884453188
hsCoronavirus_disease_COVID_19 505 510 0.000374208508957621
hsCoronavirus_disease_COVID_19 510 515 4.46990442309298e-05
hsCoronavirus_disease_COVID_19 515 520 0.00521900438815693
hsCoronavirus_disease_COVID_19 520 525 0.000807511911007515
hsCoronavirus_disease_COVID_19 525 530 0.0206429229307417
hsCoronavirus_disease_COVID_19 530 535 0.0108584561380459
hsCoronavirus_disease_COVID_19 535 540 2.87402170869163e-06
hsCoronavirus_disease_COVID_19 540 545 0.0134352970357252
hsCoronavirus_disease_COVID_19 545 550 0.0151750094834625
hsCoronavirus_disease_COVID_19 550 555 0.0243193451432962
hsCoronavirus_disease_COVID_19 555 560 0.0182846652145274
hsCoronavirus_disease_COVID_19 560 565 0.00128223747959892
hsCoronavirus_disease_COVID_19 565 570 0.0202355815853555
hsCoronavirus_disease_COVID_19 570 575 0.0381061760334853
hsCoronavirus_disease_COVID_19 575 580 4.62286531242307e-06
hsCoronavirus_disease_COVID_19 580 585 0.024513534409873
hsCoronavirus_disease_COVID_19 585 590 0.00755308550197583
hsCoronavirus_disease_COVID_19 590 595 0.0242102404179895
hsCoronavirus_disease_COVID_19 595 600 0.0217269522208383
hsCoronavirus_disease_COVID_19 600 605 0.0303668493348259
hsCoronavirus_disease_COVID_19 605 610 3.84291271831304e-08
hsCoronavirus_disease_COVID_19 610 615 0.000139368570996536
hsCoronavirus_disease_COVID_19 615 620 0.0281560849527426
hsCoronavirus_disease_COVID_19 620 625 0.0423575736829381
hsCoronavirus_disease_COVID_19 625 630 0.0444756258254233
hsCoronavirus_disease_COVID_19 630 635 0.0280328098531252
hsCoronavirus_disease_COVID_19 635 640 0.000206665420545282
hsCoronavirus_disease_COVID_19 640 645 0.0103948609117823
hsProteasome 0 5 0.0158179153242248
hsProteasome 5 10 0.000645794473402382
hsProteasome 10 15 1.83627880755621e-07
hsProteasome 15 20 0.0440589342246786
hsProteasome 20 25 0.000198502447246832
hsProteasome 25 30 0.0300310348283019
hsProteasome 30 35 6.56163339144052e-06
hsProteasome 35 40 1.18261509194274e-07
hsProteasome 40 45 0.0130371911851994
hsProteasome 45 50 0.000344384872983033
hsProteasome 50 55 0.000294326032122976
hsProteasome 55 60 0.00199898348491207
hsProteasome 60 65 0.00365732413893266
hsProteasome 65 70 0.0115172273607582
hsProteasome 70 75 0.000158264682044131
hsProteasome 75 80 0.00300699148283503
hsProteasome 80 85 3.38632260217154e-09
hsProteasome 85 90 0.0124278474230134
hsProteasome 90 95 4.34293065220834e-06
hsProteasome 95 100 0.0374845482517993
hsProteasome 100 105 0.0326178006801799
hsProteasome 105 110 0.00371608969422958
hsProteasome 110 115 2.57683040506883e-08
hsProteasome 115 120 0.000498979781018339
hsProteasome 120 125 0.00509367827662517
hsProteasome 125 130 0.00298459570551291
hsParkinson_disease 0 5 0.00100730160417945
hsParkinson_disease 5 10 0.0467384338121051
hsParkinson_disease 10 15 0.00508958297153577
hsParkinson_disease 15 20 6.43978385729119e-09
hsParkinson_disease 20 25 0.00100532248816669
hsParkinson_disease 25 30 0.00322881706467637
hsParkinson_disease 30 35 5.95003529320147e-08
hsParkinson_disease 35 40 0.00446362503901168
hsParkinson_disease 40 45 0.0115172273607582
hsParkinson_disease 45 50 0.000158264682044131
hsParkinson_disease 50 55 0.00300699148283503
hsParkinson_disease 55 60 3.38632260217154e-09
hsParkinson_disease 60 65 0.0124278474230134
hsParkinson_disease 65 70 4.34293065220834e-06
hsParkinson_disease 70 75 0.0374845482517993
hsParkinson_disease 75 80 0.0326178006801799
hsParkinson_disease 80 85 0.000344384872983033
hsParkinson_disease 85 90 6.56163339144052e-06
hsParkinson_disease 90 95 1.18261509194274e-07
hsParkinson_disease 95 100 0.0158179153242248
hsParkinson_disease 100 105 0.000645794473402382
hsParkinson_disease 105 110 1.83627880755621e-07
hsParkinson_disease 110 115 0.0440589342246786
hsParkinson_disease 115 120 0.0300310348283019
hsParkinson_disease 120 125 0.000198502447246832
hsParkinson_disease 125 130 0.0130371911851994
hsParkinson_disease 130 135 0.00432165862362397
hsParkinson_disease 135 140 3.09508840447608e-07
hsParkinson_disease 140 145 0.0455111869435623
hsParkinson_disease 145 150 0.000685076262199594
hsParkinson_disease 150 155 0.000523808138983685
hsParkinson_disease 155 160 0.000323460556948183
hsParkinson_disease 160 165 0.00128223747959892
hsParkinson_disease 165 170 5.45547419640722e-07
hsParkinson_disease 170 175 0.0369556938628471
hsParkinson_disease 175 180 0.000606772551024561
hsParkinson_disease 180 185 0.0329917240627519
hsParkinson_disease 185 190 4.43930533203501e-06
hsParkinson_disease 190 195 1.87812897193187e-05
hsParkinson_disease 195 200 0.00561864413489766
hsParkinson_disease 200 205 0.00744750848844353
hsParkinson_disease 205 210 0.0117956250674181
hsParkinson_disease 210 215 3.74720118125466e-09
hsParkinson_disease 215 220 1.4232039492897e-05
hsParkinson_disease 220 225 0.00110471365916921
hsParkinson_disease 225 230 3.1192142319351e-05
hsParkinson_disease 230 235 0.000582793609808518
hsParkinson_disease 235 240 0.00823937741705342
hsParkinson_disease 240 245 0.00851991409140351
hsParkinson_disease 245 250 9.21275364944612e-11
hsParkinson_disease 250 255 0.00294008878310095
hsParkinson_disease 255 260 3.09397538537937e-09
hsParkinson_disease 260 265 0.00177803872104997
hsParkinson_disease 265 270 7.34322997655473e-09
hsParkinson_disease 270 275 1.26142825993438e-08
hsParkinson_disease 275 280 1.35896028921514e-09
hsParkinson_disease 280 285 0.00433188873357998
hsParkinson_disease 285 290 0.0265102632344792
hsParkinson_disease 290 295 0.000702952657749714
hsParkinson_disease 295 300 0.0203674842928213
hsParkinson_disease 300 305 0.0151750094834625
hsParkinson_disease 305 310 0.00509367827662517
hsParkinson_disease 310 315 0.00562717128403797
hsParkinson_disease 315 320 0.000654045260731398
hsParkinson_disease 320 325 7.80732301112294e-06
hsParkinson_disease 325 330 0.00280756425933058
hsParkinson_disease 330 335 6.46323361307445e-06
hsParkinson_disease 335 340 2.6442502661317e-05
hsParkinson_disease 340 345 4.75172539672876e-05
hsParkinson_disease 345 350 0.0019587627820702
hsParkinson_disease 350 355 0.0284833699797307
hsParkinson_disease 355 360 0.00156769250149685
hsParkinson_disease 360 365 0.0469208176013638
hsParkinson_disease 365 370 0.0157728425956383
hsParkinson_disease 370 375 0.00372544132565414
hsParkinson_disease 375 380 3.59645322178176e-07
hsParkinson_disease 380 385 7.05014207508863e-06
hsParkinson_disease 385 390 3.51807835187225e-06
hsParkinson_disease 390 395 0.0243621265467608
hsParkinson_disease 395 400 0.000266824541764866
hsParkinson_disease 400 405 0.00709105580899347
hsParkinson_disease 405 410 0.0113559279823002
hsParkinson_disease 410 415 0.0477714794420288
hsParkinson_disease 415 420 0.00843976783513271
hsParkinson_disease 420 425 0.042144974750312
hsParkinson_disease 425 430 0.013877732262872
hsParkinson_disease 430 435 0.0498242572611664
hsParkinson_disease 435 440 0.0173725822428168
hsParkinson_disease 440 445 0.0123091819241493
hsParkinson_disease 445 450 2.22811811865955e-05
hsParkinson_disease 450 455 0.0318788020768199
hsParkinson_disease 455 460 0.00484280111847569
hsParkinson_disease 460 465 0.000569642996731796
hsParkinson_disease 465 470 0.000189684223230355
hsParkinson_disease 470 475 1.12584352880965e-05
hsParkinson_disease 475 480 0.0081414334960432
hsParkinson_disease 480 485 0.0448327378666309
hsParkinson_disease 485 490 0.0137543593682767
hsParkinson_disease 490 495 0.00832946134105444
hsParkinson_disease 495 500 3.55564079447097e-05
hsParkinson_disease 500 505 0.0310879274545456
hsParkinson_disease 505 510 0.000489245972315124
hsParkinson_disease 510 515 4.62286531242307e-06
hsPrion_disease 0 5 0.0368830004809966
hsPrion_disease 5 10 0.0308897425381808
hsPrion_disease 10 15 2.47531703507733e-05
hsPrion_disease 15 20 0.00158807035859438
hsPrion_disease 20 25 3.1192142319351e-05
hsPrion_disease 25 30 2.98846528971614e-06
hsPrion_disease 30 35 0.0406494820633786
hsPrion_disease 35 40 0.0245775053310415
hsPrion_disease 40 45 0.0369556938628471
hsPrion_disease 45 50 0.00128223747959892
hsPrion_disease 50 55 5.45547419640722e-07
hsPrion_disease 55 60 2.61758996705126e-05
hsPrion_disease 60 65 0.00745500728506073
hsPrion_disease 65 70 1.4232039492897e-05
hsPrion_disease 70 75 3.74720118125466e-09
hsPrion_disease 75 80 0.00561864413489766
hsPrion_disease 80 85 0.00744750848844353
hsPrion_disease 85 90 0.0117956250674181
hsPrion_disease 90 95 0.0115172273607582
hsPrion_disease 95 100 0.000158264682044131
hsPrion_disease 100 105 0.00300699148283503
hsPrion_disease 105 110 3.38632260217154e-09
hsPrion_disease 110 115 0.0124278474230134
hsPrion_disease 115 120 4.34293065220834e-06
hsPrion_disease 120 125 0.0374845482517993
hsPrion_disease 125 130 0.0326178006801799
hsPrion_disease 130 135 0.000344384872983033
hsPrion_disease 135 140 6.56163339144052e-06
hsPrion_disease 140 145 1.18261509194274e-07
hsPrion_disease 145 150 0.0158179153242248
hsPrion_disease 150 155 0.000645794473402382
hsPrion_disease 155 160 1.83627880755621e-07
hsPrion_disease 160 165 0.0440589342246786
hsPrion_disease 165 170 0.0300310348283019
hsPrion_disease 170 175 0.000198502447246832
hsPrion_disease 175 180 0.0130371911851994
hsPrion_disease 180 185 0.000746102966265376
hsPrion_disease 185 190 0.000914425276625126
hsPrion_disease 190 195 1.64412669271341e-05
hsPrion_disease 195 200 0.0155006327060652
hsPrion_disease 200 205 0.0465544137425765
hsPrion_disease 205 210 0.02822898882004
hsPrion_disease 210 215 0.0180754902463275
hsPrion_disease 215 220 0.00079558320625335
hsPrion_disease 220 225 0.00386305331221469
hsPrion_disease 225 230 1.88979378290964e-05
hsPrion_disease 230 235 0.000593450366413658
hsPrion_disease 235 240 6.35047920526416e-05
hsPrion_disease 240 245 7.28925131395124e-07
hsPrion_disease 245 250 1.94752389531909e-08
hsPrion_disease 250 255 0.000222226410267511
hsPrion_disease 255 260 0.00628688821722706
hsPrion_disease 260 265 0.000937642250096153
hsPrion_disease 265 270 4.55056480628676e-06
hsPrion_disease 270 275 0.0091376272383438
hsPrion_disease 275 280 0.00823937741705342
hsPrion_disease 280 285 0.00851991409140351
hsPrion_disease 285 290 9.21275364944612e-11
hsPrion_disease 290 295 0.00294008878310095
hsPrion_disease 295 300 3.09397538537937e-09
hsPrion_disease 300 305 0.00177803872104997
hsPrion_disease 305 310 7.34322997655473e-09
hsPrion_disease 310 315 1.26142825993438e-08
hsPrion_disease 315 320 0.000546718041207009
hsPrion_disease 320 325 0.0203674842928213
hsPrion_disease 325 330 0.00581665950364199
hsPrion_disease 330 335 0.0121529944770604
hsPrion_disease 335 340 1.22104115215835e-05
hsPrion_disease 340 345 0.036323877239398
hsPrion_disease 345 350 0.00358031143157182
hsPrion_disease 350 355 0.00356242542026376
hsPrion_disease 355 360 0.0132469812787321
hsPrion_disease 360 365 4.75172539672876e-05
hsPrion_disease 365 370 0.0019587627820702
hsPrion_disease 370 375 5.59461327762266e-09
hsPrion_disease 375 380 0.00280756425933058
hsPrion_disease 380 385 0.000218587697457353
hsPrion_disease 385 390 0.000569642996731796
hsPrion_disease 390 395 0.000189684223230355
hsPrion_disease 395 400 1.12584352880965e-05
hsPrion_disease 400 405 0.0081414334960432
hsPrion_disease 405 410 0.0243621265467608
hsPrion_disease 410 415 0.000266824541764866
hsPrion_disease 415 420 0.00709105580899347
hsPrion_disease 420 425 0.0113559279823002
hsPrion_disease 425 430 0.0477714794420288
hsPrion_disease 430 435 0.00843976783513271
hsPrion_disease 435 440 0.042144974750312
hsPrion_disease 440 445 0.013877732262872
hsPrion_disease 445 450 0.0498242572611664
hsPrion_disease 450 455 0.0173725822428168
hsPrion_disease 455 460 0.0123091819241493
hsPrion_disease 460 465 2.22811811865955e-05
hsPrion_disease 465 470 0.0318788020768199
hsPrion_disease 470 475 0.00509367827662517
hsPrion_disease 475 480 3.84291271831304e-08
hsPrion_disease 480 485 0.000139368570996536
hsPrion_disease 485 490 0.0281560849527426
hsPrion_disease 490 495 0.0423575736829381
hsPrion_disease 495 500 0.0206894908207887
hsPrion_disease 500 505 0.0202355815853555
hsPrion_disease 505 510 4.62286531242307e-06
hsPrion_disease 510 515 0.00452995306122113
hsPrion_disease 515 520 0.0448327378666309
hsPrion_disease 520 525 0.0137543593682767
hsPrion_disease 525 530 0.00832946134105444
hsPrion_disease 530 535 3.55564079447097e-05
hsSpinocerebellar_ataxia 0 5 0.000210440680966187
hsSpinocerebellar_ataxia 5 10 0.000747471793271098
hsSpinocerebellar_ataxia 10 15 0.00128223747959892
hsSpinocerebellar_ataxia 15 20 5.45547419640722e-07
hsSpinocerebellar_ataxia 20 25 0.00731322656638489
hsSpinocerebellar_ataxia 25 30 3.74720118125466e-09
hsSpinocerebellar_ataxia 30 35 0.0115172273607582
hsSpinocerebellar_ataxia 35 40 0.000158264682044131
hsSpinocerebellar_ataxia 40 45 0.00300699148283503
hsSpinocerebellar_ataxia 45 50 3.38632260217154e-09
hsSpinocerebellar_ataxia 50 55 0.0124278474230134
hsSpinocerebellar_ataxia 55 60 4.34293065220834e-06
hsSpinocerebellar_ataxia 60 65 0.0374845482517993
hsSpinocerebellar_ataxia 65 70 0.0326178006801799
hsSpinocerebellar_ataxia 70 75 0.000344384872983033
hsSpinocerebellar_ataxia 75 80 6.56163339144052e-06
hsSpinocerebellar_ataxia 80 85 1.18261509194274e-07
hsSpinocerebellar_ataxia 85 90 0.0158179153242248
hsSpinocerebellar_ataxia 90 95 0.000645794473402382
hsSpinocerebellar_ataxia 95 100 1.83627880755621e-07
hsSpinocerebellar_ataxia 100 105 0.0440589342246786
hsSpinocerebellar_ataxia 105 110 0.0300310348283019
hsSpinocerebellar_ataxia 110 115 0.000198502447246832
hsSpinocerebellar_ataxia 115 120 0.0130371911851994
hsSpinocerebellar_ataxia 120 125 0.00290717403778377
hsSpinocerebellar_ataxia 125 130 2.47977423186664e-06
hsSpinocerebellar_ataxia 130 135 3.90365062273894e-07
hsSpinocerebellar_ataxia 135 140 0.00743660965095874
hsSpinocerebellar_ataxia 140 145 0.00115987734633442
hsSpinocerebellar_ataxia 145 150 0.014204531391301
hsSpinocerebellar_ataxia 150 155 3.24429711130268e-05
hsSpinocerebellar_ataxia 155 160 0.02822898882004
hsSpinocerebellar_ataxia 160 165 0.0180754902463275
hsSpinocerebellar_ataxia 165 170 0.00258987259349553
hsSpinocerebellar_ataxia 170 175 0.00974388978187127
hsSpinocerebellar_ataxia 175 180 5.49857875564932e-08
hsSpinocerebellar_ataxia 180 185 0.0381061760334853
hsSpinocerebellar_ataxia 185 190 0.015606615972462
hsSpinocerebellar_ataxia 190 195 0.00280756425933058
hsSpinocerebellar_ataxia 195 200 0.0238154534861046
hsSpinocerebellar_ataxia 200 205 0.00581665950364199
hsSpinocerebellar_ataxia 205 210 0.0121529944770604
hsSpinocerebellar_ataxia 210 215 1.22104115215835e-05
hsSpinocerebellar_ataxia 215 220 0.036323877239398
hsSpinocerebellar_ataxia 220 225 0.00358031143157182
hsSpinocerebellar_ataxia 225 230 0.000569642996731796
hsSpinocerebellar_ataxia 230 235 0.000189684223230355
hsSpinocerebellar_ataxia 235 240 1.12584352880965e-05
hsSpinocerebellar_ataxia 240 245 0.0081414334960432
hsSpinocerebellar_ataxia 245 250 0.0255968935614819
hsSpinocerebellar_ataxia 250 255 0.00509367827662517
hsSpinocerebellar_ataxia 255 260 6.46323361307445e-06
hsSpinocerebellar_ataxia 260 265 0.000489245972315124
hsSpinocerebellar_ataxia 265 270 4.62286531242307e-06
hsSpinocerebellar_ataxia 270 275 0.000198401266179969
hsSpinocerebellar_ataxia 275 280 0.000576570518389057
hsSpinocerebellar_ataxia 280 285 2.05023857857768e-08
hsSpinocerebellar_ataxia 285 290 0.0127691265691238
hsSpinocerebellar_ataxia 290 295 2.6442502661317e-05
hsSpinocerebellar_ataxia 295 300 0.0199266482279907
hsSpinocerebellar_ataxia 300 305 3.96543515843267e-06
hsSpinocerebellar_ataxia 305 310 0.00259185206354988
hsSpinocerebellar_ataxia 310 315 0.0423992974839753
hsSpinocerebellar_ataxia 315 320 0.0112098454842829
hsSpinocerebellar_ataxia 320 325 2.83149265212588e-05
hsSpinocerebellar_ataxia 325 330 0.0202355815853555
hsSpinocerebellar_ataxia 330 335 0.0206340382487645
hsProteoglycans_in_cancer 0 5 0.000924453611226427
hsProteoglycans_in_cancer 5 10 1.11114286350658e-05
hsProteoglycans_in_cancer 10 15 4.1873102437946e-05
hsProteoglycans_in_cancer 15 20 0.000106360343087133
hsProteoglycans_in_cancer 20 25 0.034887246888587
hsProteoglycans_in_cancer 25 30 0.000361712745003792
hsProteoglycans_in_cancer 30 35 2.8409080195383e-05
hsProteoglycans_in_cancer 35 40 4.96080362377709e-08
hsProteoglycans_in_cancer 40 45 0.00268544864702124
hsProteoglycans_in_cancer 45 50 0.00262208844316299
hsProteoglycans_in_cancer 50 55 0.000222226410267511
hsProteoglycans_in_cancer 55 60 7.28925131395124e-07
hsProteoglycans_in_cancer 60 65 2.72987341865248e-06
hsProteoglycans_in_cancer 65 70 0.0154252531039253
hsProteoglycans_in_cancer 70 75 0.000124222240538886
hsProteoglycans_in_cancer 75 80 4.22239160554857e-08
hsProteoglycans_in_cancer 80 85 0.000113902781872465
hsProteoglycans_in_cancer 85 90 0.000115457563088672
hsProteoglycans_in_cancer 90 95 0.00964924250890273
hsProteoglycans_in_cancer 95 100 0.00305386201434354
hsProteoglycans_in_cancer 100 105 0.000929732820831418
hsProteoglycans_in_cancer 105 110 9.50702564788072e-06
hsProteoglycans_in_cancer 110 115 0.00546894949733125
hsProteoglycans_in_cancer 115 120 0.02822898882004
hsProteoglycans_in_cancer 120 125 0.0180754902463275
hsProteoglycans_in_cancer 125 130 0.00258987259349553
hsProteoglycans_in_cancer 130 135 2.96756614259165e-05
hsProteoglycans_in_cancer 135 140 0.000229133089003941
hsProteoglycans_in_cancer 140 145 7.40202409229045e-05
hsProteoglycans_in_cancer 145 150 0.00128223747959892
hsProteoglycans_in_cancer 150 155 5.45547419640722e-07
hsProteoglycans_in_cancer 155 160 0.000523808138983685
hsProteoglycans_in_cancer 160 165 0.000323460556948183
hsProteoglycans_in_cancer 165 170 0.00866823315291828
hsProteoglycans_in_cancer 170 175 0.0273805856904067
hsProteoglycans_in_cancer 175 180 4.32385733836104e-08
hsProteoglycans_in_cancer 180 185 1.91966486148245e-05
hsProteoglycans_in_cancer 185 190 0.0465544137425765
hsProteoglycans_in_cancer 190 195 1.4232039492897e-05
hsProteoglycans_in_cancer 195 200 5.01404347882055e-06
hsProteoglycans_in_cancer 200 205 0.00532952410608245
hsProteoglycans_in_cancer 205 210 0.00318241503507035
hsProteoglycans_in_cancer 210 215 3.49102155710351e-08
hsProteoglycans_in_cancer 215 220 7.48503057490148e-05
hsProteoglycans_in_cancer 220 225 2.457806899465e-08
hsProteoglycans_in_cancer 225 230 0.00302365265977146
hsProteoglycans_in_cancer 230 235 4.95599886857866e-05
hsProteoglycans_in_cancer 235 240 0.00177044415318178
hsProteoglycans_in_cancer 240 245 9.8008970622782e-07
hsProteoglycans_in_cancer 245 250 7.28035564402589e-06
hsProteoglycans_in_cancer 250 255 1.60918964966346e-07
hsProteoglycans_in_cancer 255 260 2.12944538732975e-05
hsProteoglycans_in_cancer 260 265 0.0307785274884023
hsProteoglycans_in_cancer 265 270 8.33540688311165e-06
hsProteoglycans_in_cancer 270 275 1.74327851504535e-12
hsProteoglycans_in_cancer 275 280 1.98098844656734e-09
hsProteoglycans_in_cancer 280 285 1.01002788861516e-08
hsProteoglycans_in_cancer 285 290 4.62776956946843e-08
hsProteoglycans_in_cancer 290 295 7.23477387857102e-08
hsProteoglycans_in_cancer 295 300 7.90533261972171e-11
hsProteoglycans_in_cancer 300 305 3.83416990196804e-08
hsProteoglycans_in_cancer 305 310 2.7389537476331e-06
hsProteoglycans_in_cancer 310 315 5.74554635454163e-10
hsProteoglycans_in_cancer 315 320 1.02765756641742e-10
hsProteoglycans_in_cancer 320 325 0.00465503911941481
hsProteoglycans_in_cancer 325 330 9.68255303163607e-08
hsProteoglycans_in_cancer 330 335 9.2968111009192e-06
hsProteoglycans_in_cancer 335 340 2.82579751974114e-05
hsProteoglycans_in_cancer 340 345 0.00310493866919864
hsProteoglycans_in_cancer 345 350 0.00229729052047275
hsProteoglycans_in_cancer 350 355 7.85870603004013e-07
hsProteoglycans_in_cancer 355 360 6.15490653288378e-08
hsProteoglycans_in_cancer 360 365 0.00326600607475286
hsProteoglycans_in_cancer 365 370 0.00296087378300107
hsProteoglycans_in_cancer 370 375 0.00333788417904768
hsProteoglycans_in_cancer 375 380 0.000747471793271098
hsProteoglycans_in_cancer 380 385 0.000122834451718114
hsProteoglycans_in_cancer 385 390 0.0264758773114678
hsProteoglycans_in_cancer 390 395 0.026058788620022
hsProteoglycans_in_cancer 395 400 0.00413631478250635
hsProteoglycans_in_cancer 400 405 0.00945611274848435
hsProteoglycans_in_cancer 405 410 1.03598861863615e-05
hsProteoglycans_in_cancer 410 415 5.08190559623095e-05
hsProteoglycans_in_cancer 415 420 4.91141024936224e-06
hsProteoglycans_in_cancer 420 425 0.0153928946853808
hsProteoglycans_in_cancer 425 430 0.00198829800816555
hsProteoglycans_in_cancer 430 435 0.0112548047305945
hsProteoglycans_in_cancer 435 440 0.0194351894221196
hsProteoglycans_in_cancer 440 445 0.00732917424098367
hsProteoglycans_in_cancer 445 450 0.045624060654566
hsProteoglycans_in_cancer 450 455 0.0269248612024866
hsProteoglycans_in_cancer 455 460 0.0323329648948604
hsProteoglycans_in_cancer 460 465 0.0202355815853555
hsProteoglycans_in_cancer 465 470 0.000831084323895887
hsProteoglycans_in_cancer 470 475 0.00280756425933058
hsProteoglycans_in_cancer 475 480 0.0279939880349787
hsProteoglycans_in_cancer 480 485 0.024042269166009
hsProteoglycans_in_cancer 485 490 1.15443882462026e-09
hsProteoglycans_in_cancer 490 495 2.24224575893585e-05
hsProteoglycans_in_cancer 495 500 0.0206894908207887
hsProteoglycans_in_cancer 500 505 0.000154230239166196
hsProteoglycans_in_cancer 505 510 6.5190886949527e-08
hsProteoglycans_in_cancer 510 515 0.000171689212629267
hsProteoglycans_in_cancer 515 520 0.00676220809680195
hsProteoglycans_in_cancer 520 525 0.000250161795319635
hsProteoglycans_in_cancer 525 530 0.00788694995571147
hsProteoglycans_in_cancer 530 535 0.0411206028258503
hsProteoglycans_in_cancer 535 540 0.00332150427382405
hsProteoglycans_in_cancer 540 545 0.00266743500141091
hsProteoglycans_in_cancer 545 550 3.66625346662155e-07
hsProteoglycans_in_cancer 550 555 0.0381061760334853
hsProteoglycans_in_cancer 555 560 0.0218816826841695
hsProteoglycans_in_cancer 560 565 0.00561977056754232
hsProteoglycans_in_cancer 565 570 0.0366404094219117
hsProteoglycans_in_cancer 570 575 9.67594593822894e-06
hsProteoglycans_in_cancer 575 580 2.50039572899108e-07
hsProteoglycans_in_cancer 580 585 0.000485873367094438
hsProteoglycans_in_cancer 585 590 0.0203674842928213
hsMAPK_signaling_pathway 0 5 0.0406494820633786
hsMAPK_signaling_pathway 5 10 0.0245775053310415
hsMAPK_signaling_pathway 10 15 0.00403320043855386
hsMAPK_signaling_pathway 15 20 0.0314745291684232
hsMAPK_signaling_pathway 20 25 0.000747471793271098
hsMAPK_signaling_pathway 25 30 0.000213518370539589
hsMAPK_signaling_pathway 30 35 0.000184954382679183
hsMAPK_signaling_pathway 35 40 2.61758996705126e-05
hsMAPK_signaling_pathway 40 45 0.00745500728506073
hsMAPK_signaling_pathway 45 50 0.0262986791138602
hsMAPK_signaling_pathway 50 55 0.00263255458779096
hsMAPK_signaling_pathway 55 60 0.00568378828467596
hsMAPK_signaling_pathway 60 65 0.00595734334424819
hsMAPK_signaling_pathway 65 70 0.000362036678999343
hsMAPK_signaling_pathway 70 75 4.68930375464694e-06
hsMAPK_signaling_pathway 75 80 0.000180568966854552
hsMAPK_signaling_pathway 80 85 0.000264964002827105
hsMAPK_signaling_pathway 85 90 0.00193519362707863
hsMAPK_signaling_pathway 90 95 0.00318094491365238
hsMAPK_signaling_pathway 95 100 0.0351379744508593
hsMAPK_signaling_pathway 100 105 1.56905539916625e-06
hsMAPK_signaling_pathway 105 110 0.00204642671198643
hsMAPK_signaling_pathway 110 115 0.00364486794007683
hsMAPK_signaling_pathway 115 120 5.93259563941573e-06
hsMAPK_signaling_pathway 120 125 0.00465503911941481
hsMAPK_signaling_pathway 125 130 6.019683529276e-05
hsMAPK_signaling_pathway 130 135 0.0180082715380712
hsMAPK_signaling_pathway 135 140 0.00866180638002709
hsMAPK_signaling_pathway 140 145 6.97686359151817e-07
hsMAPK_signaling_pathway 145 150 0.000389191535998905
hsMAPK_signaling_pathway 150 155 6.70349994021156e-05
hsMAPK_signaling_pathway 155 160 0.00863215080245715
hsMAPK_signaling_pathway 160 165 0.00492170299711192
hsMAPK_signaling_pathway 165 170 2.457806899465e-08
hsMAPK_signaling_pathway 170 175 1.96549322556625e-07
hsMAPK_signaling_pathway 175 180 4.1873102437946e-05
hsMAPK_signaling_pathway 180 185 0.034887246888587
hsMAPK_signaling_pathway 185 190 0.000361712745003792
hsMAPK_signaling_pathway 190 195 2.8409080195383e-05
hsMAPK_signaling_pathway 195 200 4.96080362377709e-08
hsMAPK_signaling_pathway 200 205 0.00268544864702124
hsMAPK_signaling_pathway 205 210 0.00262208844316299
hsMAPK_signaling_pathway 210 215 0.000222226410267511
hsMAPK_signaling_pathway 215 220 7.93735706142051e-05
hsMAPK_signaling_pathway 220 225 0.000172360087228743
hsMAPK_signaling_pathway 225 230 4.55056480628676e-06
hsMAPK_signaling_pathway 230 235 5.01404347882055e-06
hsMAPK_signaling_pathway 235 240 0.0307785274884023
hsMAPK_signaling_pathway 240 245 0.000563350171205379
hsMAPK_signaling_pathway 245 250 0.0149218028001317
hsMAPK_signaling_pathway 250 255 0.012512919331242
hsMAPK_signaling_pathway 255 260 3.86389571587336e-09
hsMAPK_signaling_pathway 260 265 0.000329975610176788
hsMAPK_signaling_pathway 265 270 2.12944538732975e-05
hsMAPK_signaling_pathway 270 275 0.000444357362805625
hsMAPK_signaling_pathway 275 280 7.28925131395124e-07
hsMAPK_signaling_pathway 280 285 1.94752389531909e-08
hsMAPK_signaling_pathway 285 290 0.000398125580894621
hsMAPK_signaling_pathway 290 295 1.4232039492897e-05
hsMAPK_signaling_pathway 295 300 0.00290717403778377
hsMAPK_signaling_pathway 300 305 1.77145341911043e-05
hsMAPK_signaling_pathway 305 310 0.000821290199893047
hsMAPK_signaling_pathway 310 315 9.72856090176068e-07
hsMAPK_signaling_pathway 315 320 8.09697627988725e-07
hsMAPK_signaling_pathway 320 325 0.00964924250890273
hsMAPK_signaling_pathway 325 330 6.99649129338491e-05
hsMAPK_signaling_pathway 330 335 1.08214761779284e-05
hsMAPK_signaling_pathway 335 340 8.68868549880386e-05
hsMAPK_signaling_pathway 340 345 0.0145911415318776
hsMAPK_signaling_pathway 345 350 3.6848534817248e-06
hsMAPK_signaling_pathway 350 355 0.000114248349633443
hsMAPK_signaling_pathway 355 360 9.06064343700539e-05
hsMAPK_signaling_pathway 360 365 7.53650664644465e-07
hsMAPK_signaling_pathway 365 370 0.0340061173941016
hsMAPK_signaling_pathway 370 375 0.000910273113303322
hsMAPK_signaling_pathway 375 380 4.22239160554857e-08
hsMAPK_signaling_pathway 380 385 0.000113902781872465
hsMAPK_signaling_pathway 385 390 0.000115457563088672
hsMAPK_signaling_pathway 390 395 0.00676613763811983
hsMAPK_signaling_pathway 395 400 7.22606286291011e-07
hsMAPK_signaling_pathway 400 405 3.84054334955146e-07
hsMAPK_signaling_pathway 405 410 1.0492860985041e-08
hsMAPK_signaling_pathway 410 415 0.00620963100528399
hsMAPK_signaling_pathway 415 420 0.0417860858409642
hsMAPK_signaling_pathway 420 425 0.00258987259349553
hsMAPK_signaling_pathway 425 430 6.02322864566359e-06
hsMAPK_signaling_pathway 430 435 0.000645206994645428
hsMAPK_signaling_pathway 435 440 0.00535593885847425
hsMAPK_signaling_pathway 440 445 0.00394018070647328
hsMAPK_signaling_pathway 445 450 0.00361915860092448
hsMAPK_signaling_pathway 450 455 0.0155006327060652
hsMAPK_signaling_pathway 455 460 0.0128632468422937
hsMAPK_signaling_pathway 460 465 0.0106334580463874
hsMAPK_signaling_pathway 465 470 0.000705259782001526
hsMAPK_signaling_pathway 470 475 0.00373514745661644
hsMAPK_signaling_pathway 475 480 1.18172636010243e-05
hsMAPK_signaling_pathway 480 485 0.0231469216017502
hsMAPK_signaling_pathway 485 490 0.00356242542026376
hsMAPK_signaling_pathway 490 495 7.56540841367347e-05
hsMAPK_signaling_pathway 495 500 0.000577742090348027
hsMAPK_signaling_pathway 500 505 0.0132469812787321
hsMAPK_signaling_pathway 505 510 0.000136014136614006
hsMAPK_signaling_pathway 510 515 0.0341034978603477
hsMAPK_signaling_pathway 515 520 0.000900307090308852
hsMAPK_signaling_pathway 520 525 0.0383954157967592
hsMAPK_signaling_pathway 525 530 0.013877600283723
hsMAPK_signaling_pathway 530 535 0.00460062987695864
hsMAPK_signaling_pathway 535 540 0.0203674842928213
hsMAPK_signaling_pathway 540 545 0.0381061760334853
hsMAPK_signaling_pathway 545 550 0.000218587697457353
hsMAPK_signaling_pathway 550 555 0.0391931692655728
hsMAPK_signaling_pathway 555 560 0.011501682897803
hsMAPK_signaling_pathway 560 565 2.15557420215691e-08
hsMAPK_signaling_pathway 565 570 0.0340707560799546
hsMAPK_signaling_pathway 570 575 0.0112237830628587
hsMAPK_signaling_pathway 575 580 3.90172507243559e-05
hsMAPK_signaling_pathway 580 585 0.00329370535608636
hsMAPK_signaling_pathway 585 590 0.000425877530696028
hsMAPK_signaling_pathway 590 595 0.00333040888264969
hsMAPK_signaling_pathway 595 600 0.0396014052347646
hsMAPK_signaling_pathway 600 605 0.00120586051037555
hsMAPK_signaling_pathway 605 610 0.0263829415227592
hsMAPK_signaling_pathway 610 615 2.93902622879042e-07
hsMAPK_signaling_pathway 615 620 6.5190886949527e-08
hsMAPK_signaling_pathway 620 625 3.66625346662155e-07
hsMAPK_signaling_pathway 625 630 0.0247683511011855
hsMAPK_signaling_pathway 630 635 0.000286412564474113
hsMAPK_signaling_pathway 635 640 0.000595842589967671
hsMAPK_signaling_pathway 640 645 0.0152620346368636
hsMAPK_signaling_pathway 645 650 3.52069166456353e-05
hsMAPK_signaling_pathway 650 655 0.000364494802057042
hsMAPK_signaling_pathway 655 660 0.000490184117228963
hsMAPK_signaling_pathway 660 665 0.045624060654566
hsMAPK_signaling_pathway 665 670 0.00732917424098367
hsMAPK_signaling_pathway 670 675 0.0269248612024866
hsMAPK_signaling_pathway 675 680 0.0171147264084388
hsMAPK_signaling_pathway 680 685 2.4261952749811e-08
hsMAPK_signaling_pathway 685 690 3.69303918488674e-06
hsMAPK_signaling_pathway 690 695 0.0019587627820702
hsMAPK_signaling_pathway 695 700 0.000171689212629267
hsMAPK_signaling_pathway 700 705 7.80732301112294e-06
hsMAPK_signaling_pathway 705 710 0.0462868388537312
hsMAPK_signaling_pathway 710 715 9.67926717496599e-05
hsMAPK_signaling_pathway 715 720 0.00313515359049513
hsMAPK_signaling_pathway 720 725 7.90719188332734e-05
hsMAPK_signaling_pathway 725 730 3.09294029436787e-06
hsMAPK_signaling_pathway 730 735 0.00955463366582149
hsMAPK_signaling_pathway 735 740 0.000489245972315124
hsMAPK_signaling_pathway 740 745 0.00195742798894783
hsMAPK_signaling_pathway 745 750 0.00691161885013428
hsMAPK_signaling_pathway 750 755 3.80037994448352e-07
hsMAPK_signaling_pathway 755 760 0.000604647440461027
hsMAPK_signaling_pathway 760 765 0.00619777435062981
hsMAPK_signaling_pathway 765 770 4.62286531242307e-06
hsMAPK_signaling_pathway 770 775 0.0402982069131905
hsMAPK_signaling_pathway 775 780 0.024513534409873
hsMAPK_signaling_pathway 780 785 0.00373137214022841
hsMAPK_signaling_pathway 785 790 0.0118001766498178
hsMAPK_signaling_pathway 790 795 0.0261337527623506
hsMAPK_signaling_pathway 795 800 9.05105475016783e-05
hsErbB_signaling_pathway 0 5 0.000180568966854552
hsErbB_signaling_pathway 5 10 0.000264964002827105
hsErbB_signaling_pathway 10 15 0.00333788417904768
hsErbB_signaling_pathway 15 20 0.000523808138983685
hsErbB_signaling_pathway 20 25 0.000323460556948183
hsErbB_signaling_pathway 25 30 0.000747471793271098
hsErbB_signaling_pathway 30 35 0.00302365265977146
hsErbB_signaling_pathway 35 40 0.000634243093350213
hsErbB_signaling_pathway 40 45 0.00670060826566969
hsErbB_signaling_pathway 45 50 0.000924453611226427
hsErbB_signaling_pathway 50 55 0.0264758773114678
hsErbB_signaling_pathway 55 60 0.00736551654032067
hsErbB_signaling_pathway 60 65 3.89296568544481e-07
hsErbB_signaling_pathway 65 70 0.00964924250890273
hsErbB_signaling_pathway 70 75 6.99649129338491e-05
hsErbB_signaling_pathway 75 80 0.026058788620022
hsErbB_signaling_pathway 80 85 1.67935645619457e-05
hsErbB_signaling_pathway 85 90 0.0190587724661664
hsErbB_signaling_pathway 90 95 4.1873102437946e-05
hsErbB_signaling_pathway 95 100 0.034887246888587
hsErbB_signaling_pathway 100 105 0.000361712745003792
hsErbB_signaling_pathway 105 110 2.8409080195383e-05
hsErbB_signaling_pathway 110 115 0.00262208844316299
hsErbB_signaling_pathway 115 120 0.000222226410267511
hsErbB_signaling_pathway 120 125 0.0139351545349219
hsErbB_signaling_pathway 125 130 0.02822898882004
hsErbB_signaling_pathway 130 135 0.0180754902463275
hsErbB_signaling_pathway 135 140 0.00258987259349553
hsErbB_signaling_pathway 140 145 0.0091376272383438
hsErbB_signaling_pathway 145 150 2.15557420215691e-08
hsErbB_signaling_pathway 150 155 0.0381061760334853
hsErbB_signaling_pathway 155 160 1.37561806674864e-07
hsErbB_signaling_pathway 160 165 0.00110107808839288
hsErbB_signaling_pathway 165 170 0.00195742798894783
hsErbB_signaling_pathway 170 175 4.62286531242307e-06
hsErbB_signaling_pathway 175 180 0.024513534409873
hsErbB_signaling_pathway 180 185 9.53431217129053e-08
hsErbB_signaling_pathway 185 190 6.5190886949527e-08
hsErbB_signaling_pathway 190 195 0.0259050625272035
hsErbB_signaling_pathway 195 200 9.35118197688529e-06
hsErbB_signaling_pathway 200 205 0.045624060654566
hsErbB_signaling_pathway 205 210 0.00732917424098367
hsErbB_signaling_pathway 210 215 0.0269248612024866
hsErbB_signaling_pathway 215 220 0.000171689212629267
hsErbB_signaling_pathway 220 225 3.80037994448352e-07
hsErbB_signaling_pathway 225 230 0.0202355815853555
hsErbB_signaling_pathway 230 235 0.024042269166009
hsErbB_signaling_pathway 235 240 6.59816256501817e-05
hsRap1_signaling_pathway 0 5 0.000362036678999343
hsRap1_signaling_pathway 5 10 4.68930375464694e-06
hsRap1_signaling_pathway 10 15 0.00268544864702124
hsRap1_signaling_pathway 15 20 3.09508840447608e-07
hsRap1_signaling_pathway 20 25 0.0455111869435623
hsRap1_signaling_pathway 25 30 0.000685076262199594
hsRap1_signaling_pathway 30 35 4.53584461514383e-07
hsRap1_signaling_pathway 35 40 0.0249395306934545
hsRap1_signaling_pathway 40 45 4.50464093599038e-07
hsRap1_signaling_pathway 45 50 0.00100730160417945
hsRap1_signaling_pathway 50 55 0.00102267721690053
hsRap1_signaling_pathway 55 60 0.000381349626778169
hsRap1_signaling_pathway 60 65 0.00235147617074412
hsRap1_signaling_pathway 65 70 9.57492305815871e-07
hsRap1_signaling_pathway 70 75 0.000210440680966187
hsRap1_signaling_pathway 75 80 0.0262986791138602
hsRap1_signaling_pathway 80 85 0.00193519362707863
hsRap1_signaling_pathway 85 90 0.00318094491365238
hsRap1_signaling_pathway 90 95 0.0351379744508593
hsRap1_signaling_pathway 95 100 1.56905539916625e-06
hsRap1_signaling_pathway 100 105 0.00204642671198643
hsRap1_signaling_pathway 105 110 0.00364486794007683
hsRap1_signaling_pathway 110 115 5.93259563941573e-06
hsRap1_signaling_pathway 115 120 0.00465503911941481
hsRap1_signaling_pathway 120 125 6.019683529276e-05
hsRap1_signaling_pathway 125 130 0.0180082715380712
hsRap1_signaling_pathway 130 135 0.00866180638002709
hsRap1_signaling_pathway 135 140 6.97686359151817e-07
hsRap1_signaling_pathway 140 145 0.000389191535998905
hsRap1_signaling_pathway 145 150 6.70349994021156e-05
hsRap1_signaling_pathway 150 155 0.00863215080245715
hsRap1_signaling_pathway 155 160 0.00492170299711192
hsRap1_signaling_pathway 160 165 2.457806899465e-08
hsRap1_signaling_pathway 165 170 1.96549322556625e-07
hsRap1_signaling_pathway 170 175 0.0113475478763119
hsRap1_signaling_pathway 175 180 3.49102155710351e-08
hsRap1_signaling_pathway 180 185 3.80364146117374e-05
hsRap1_signaling_pathway 185 190 0.000747471793271098
hsRap1_signaling_pathway 190 195 0.00333508404615528
hsRap1_signaling_pathway 195 200 0.000372992817270256
hsRap1_signaling_pathway 200 205 0.0157861906979878
hsRap1_signaling_pathway 205 210 0.0467384338121051
hsRap1_signaling_pathway 210 215 0.00508958297153577
hsRap1_signaling_pathway 215 220 6.43978385729119e-09
hsRap1_signaling_pathway 220 225 8.82364894898736e-05
hsRap1_signaling_pathway 225 230 4.95798901112366e-10
hsRap1_signaling_pathway 230 235 0.000102613090570258
hsRap1_signaling_pathway 235 240 3.89543394084266e-05
hsRap1_signaling_pathway 240 245 0.00177044415318178
hsRap1_signaling_pathway 245 250 0.0108061237435978
hsRap1_signaling_pathway 250 255 2.99043525726183e-07
hsRap1_signaling_pathway 255 260 6.46362798326357e-07
hsRap1_signaling_pathway 260 265 7.28925131395124e-07
hsRap1_signaling_pathway 265 270 1.94752389531909e-08
hsRap1_signaling_pathway 270 275 8.15456018749017e-06
hsRap1_signaling_pathway 275 280 1.73989209189417e-08
hsRap1_signaling_pathway 280 285 6.34835817711891e-09
hsRap1_signaling_pathway 285 290 0.0220200868649806
hsRap1_signaling_pathway 290 295 0.0154252531039253
hsRap1_signaling_pathway 295 300 0.000124222240538886
hsRap1_signaling_pathway 300 305 0.00447710666052938
hsRap1_signaling_pathway 305 310 9.50702564788072e-06
hsRap1_signaling_pathway 310 315 0.000924453611226427
hsRap1_signaling_pathway 315 320 0.000106360343087133
hsRap1_signaling_pathway 320 325 0.00305386201434354
hsRap1_signaling_pathway 325 330 0.0199850738370681
hsRap1_signaling_pathway 330 335 1.09865512384142e-08
hsRap1_signaling_pathway 335 340 0.0167408195797801
hsRap1_signaling_pathway 340 345 0.0457522998415658
hsRap1_signaling_pathway 345 350 5.22173943282519e-05
hsRap1_signaling_pathway 350 355 0.000195298107971054
hsRap1_signaling_pathway 355 360 3.83416990196804e-08
hsRap1_signaling_pathway 360 365 0.00262208844316299
hsRap1_signaling_pathway 365 370 0.000222226410267511
hsRap1_signaling_pathway 370 375 0.000910273113303322
hsRap1_signaling_pathway 375 380 0.02822898882004
hsRap1_signaling_pathway 380 385 0.0180754902463275
hsRap1_signaling_pathway 385 390 0.00258987259349553
hsRap1_signaling_pathway 390 395 0.034887246888587
hsRap1_signaling_pathway 395 400 0.000361712745003792
hsRap1_signaling_pathway 400 405 2.8409080195383e-05
hsRap1_signaling_pathway 405 410 4.96080362377709e-08
hsRap1_signaling_pathway 410 415 0.0168459472786512
hsRap1_signaling_pathway 415 420 0.00581665950364199
hsRap1_signaling_pathway 420 425 0.0121529944770604
hsRap1_signaling_pathway 425 430 0.00562717128403797
hsRap1_signaling_pathway 430 435 0.000654045260731398
hsRap1_signaling_pathway 435 440 0.0306480751579902
hsRap1_signaling_pathway 440 445 0.000637490597247009
hsRap1_signaling_pathway 445 450 0.0265102632344792
hsRap1_signaling_pathway 450 455 0.010277939002233
hsRap1_signaling_pathway 455 460 0.000702952657749714
hsRap1_signaling_pathway 460 465 0.0118001766498178
hsRap1_signaling_pathway 465 470 5.49857875564932e-08
hsRap1_signaling_pathway 470 475 2.15557420215691e-08
hsRap1_signaling_pathway 475 480 0.0340707560799546
hsRap1_signaling_pathway 480 485 0.0112237830628587
hsRap1_signaling_pathway 485 490 3.90172507243559e-05
hsRap1_signaling_pathway 490 495 0.00329370535608636
hsRap1_signaling_pathway 495 500 0.000425877530696028
hsRap1_signaling_pathway 500 505 0.00333040888264969
hsRap1_signaling_pathway 505 510 0.0396014052347646
hsRap1_signaling_pathway 510 515 0.00120586051037555
hsRap1_signaling_pathway 515 520 0.0263829415227592
hsRap1_signaling_pathway 520 525 2.93902622879042e-07
hsRap1_signaling_pathway 525 530 3.66625346662155e-07
hsRap1_signaling_pathway 530 535 0.0247683511011855
hsRap1_signaling_pathway 535 540 0.000286412564474113
hsRap1_signaling_pathway 540 545 0.000595842589967671
hsRap1_signaling_pathway 545 550 0.0152620346368636
hsRap1_signaling_pathway 550 555 0.000364494802057042
hsRap1_signaling_pathway 555 560 0.000644465888243073
hsRap1_signaling_pathway 560 565 0.0265976168769124
hsRap1_signaling_pathway 565 570 0.0381061760334853
hsRap1_signaling_pathway 570 575 6.88828706253839e-05
hsRap1_signaling_pathway 575 580 0.000467261812589793
hsRap1_signaling_pathway 580 585 0.0112548047305945
hsRap1_signaling_pathway 585 590 0.0194351894221196
hsRap1_signaling_pathway 590 595 3.218551386154e-05
hsRap1_signaling_pathway 595 600 2.07298297183213e-07
hsRap1_signaling_pathway 600 605 0.00732917424098367
hsRap1_signaling_pathway 605 610 0.0269248612024866
hsRap1_signaling_pathway 610 615 0.00691161885013428
hsRap1_signaling_pathway 615 620 0.0202355815853555
hsRap1_signaling_pathway 620 625 0.000831084323895887
