hsRibosome 0 5 0.00326225774442401
hsRibosome 5 10 1.94097453563006e-11
hsRibosome 10 15 6.01513736988369e-09
hsRibosome 15 20 0.00333986714870236
hsRibosome 20 25 6.05539469247866e-06
hsRibosome 25 30 7.46263736283728e-10
hsRibosome 30 35 7.63294613364489e-05
hsRibosome 35 40 0.0333912726339853
hsRibosome 40 45 0.00503938708458573
hsRibosome 45 50 0.0380287814297385
hsRibosome 50 55 7.29543508379297e-08
hsRibosome 55 60 5.32738469320424e-05
hsRibosome 60 65 4.96974862982144e-06
hsRibosome 65 70 0.00471297236186365
hsRibosome 70 75 1.27519898936758e-09
hsRibosome 75 80 1.15800215739207e-11
hsRibosome 80 85 2.21502981121144e-05
hsRibosome 85 90 9.64742062982692e-06
hsRibosome 90 95 0.00472439928401248
hsRibosome 95 100 3.51118413540849e-07
hsRibosome 100 105 0.0093526930222964
hsRibosome 105 110 0.00253103686444881
hsRibosome 110 115 0.00350582066701659
hsRibosome 115 120 0.0130315040542037
hsRibosome 120 125 0.00421899327706517
hsRibosome 125 130 9.44332144819787e-09
hsRibosome 130 135 0.0229276975681454
hsRibosome 135 140 3.66360677993997e-07
hsRibosome 140 145 9.95745169798446e-11
hsRibosome 145 150 1.28634688594027e-06
hsRibosome 150 155 0.0254928988199506
hsRibosome 155 160 0.0327475751773642
hsRibosome 160 165 0.0230685507276061
hsRibosome 165 170 2.11499487804022e-08
hsRibosome 170 175 0.0206573237915242
hsRibosome 175 180 0.0487606993618664
hsRibosome 180 185 0.0392624167616594
hsRibosome 185 190 0.029557184145024
hsRibosome 190 195 2.34986560866909e-13
hsRibosome 195 200 4.65670136446255e-17
hsRibosome 200 205 0.000234202677412732
hsRibosome 205 210 5.84170312000151e-15
hsRibosome 210 215 0.000348538339299015
hsRibosome 215 220 0.000322002751254098
hsRibosome 220 225 4.96478093068179e-12
hsRibosome 225 230 1.10087493633941e-10
hsRibosome 230 235 6.70635983063242e-16
hsRibosome 235 240 0.000149666771619281
hsRibosome 240 245 6.17912727790824e-05
hsRibosome 245 250 4.16238355987104e-11
hsRibosome 250 255 0.00707890884370707
hsRibosome 255 260 1.69409362195623e-10
hsRibosome 260 265 0.00353866006838667
hsRibosome 265 270 1.85411831794426e-16
hsRibosome 270 275 5.12338233070053e-15
hsRibosome 275 280 1.12072108079164e-14
hsRibosome 280 285 0.0104928716548041
hsRibosome 285 290 0.000680747845931165
hsRibosome 290 295 2.80940679903581e-06
hsRibosome 295 300 0.00149313818381908
hsRibosome 300 305 4.44228971954931e-19
hsRibosome 305 310 5.01346948040912e-05
hsRibosome 310 315 2.98292505240567e-08
hsRibosome 315 320 0.000144669979455982
hsRibosome 320 325 0.00478299277481998
hsRibosome 325 330 3.91219031107848e-11
hsRibosome 330 335 9.89348217093649e-08
hsRibosome 335 340 2.97831138294254e-10
hsRibosome 340 345 8.64436590102623e-11
hsRibosome 345 350 8.77840990429847e-08
hsRibosome 350 355 2.23747224089296e-06
hsRibosome 355 360 0.000544162370224708
hsRibosome 360 365 1.59449946219561e-11
hsRibosome 365 370 0.00148170967449197
hsRibosome 370 375 0.00789530679731923
hsRibosome 375 380 0.00147399854950312
hsRibosome 380 385 0.000204163667278266
hsRibosome 385 390 0.00312896186127029
hsRibosome 390 395 8.8891574703e-07
hsCoronavirus_disease_COVID_19 0 5 0.000259278201474103
hsCoronavirus_disease_COVID_19 5 10 1.52508766746788e-12
hsCoronavirus_disease_COVID_19 10 15 8.07717778098816e-10
hsCoronavirus_disease_COVID_19 15 20 3.6369420895929e-12
hsCoronavirus_disease_COVID_19 20 25 7.15926164461222e-05
hsCoronavirus_disease_COVID_19 25 30 8.82062890768912e-16
hsCoronavirus_disease_COVID_19 30 35 7.08193497612846e-10
hsCoronavirus_disease_COVID_19 35 40 8.48118368252729e-12
hsCoronavirus_disease_COVID_19 40 45 0.000334830930971099
hsCoronavirus_disease_COVID_19 45 50 0.0160664487694895
hsCoronavirus_disease_COVID_19 50 55 1.12754450926766e-06
hsCoronavirus_disease_COVID_19 55 60 0.00737231336083581
hsCoronavirus_disease_COVID_19 60 65 6.7864195327068e-16
hsCoronavirus_disease_COVID_19 65 70 3.23440409882926e-19
hsCoronavirus_disease_COVID_19 70 75 1.64679490443189e-05
hsCoronavirus_disease_COVID_19 75 80 0.000136521800869637
hsCoronavirus_disease_COVID_19 80 85 0.000794771820690341
hsCoronavirus_disease_COVID_19 85 90 0.000146915641506581
hsCoronavirus_disease_COVID_19 90 95 3.41099624153853e-06
hsCoronavirus_disease_COVID_19 95 100 8.04736903017311e-10
hsCoronavirus_disease_COVID_19 100 105 1.02047921902576e-12
hsCoronavirus_disease_COVID_19 105 110 0.00133388042758522
hsCoronavirus_disease_COVID_19 110 115 1.90795642904413e-07
hsCoronavirus_disease_COVID_19 115 120 9.38067468554593e-07
hsCoronavirus_disease_COVID_19 120 125 3.09023475350354e-12
hsCoronavirus_disease_COVID_19 125 130 1.05211879290088e-05
hsCoronavirus_disease_COVID_19 130 135 0.000155687043845121
hsCoronavirus_disease_COVID_19 135 140 1.83696589095092e-07
hsCoronavirus_disease_COVID_19 140 145 2.44857691378473e-08
hsCoronavirus_disease_COVID_19 145 150 0.00819542954521093
hsCoronavirus_disease_COVID_19 150 155 0.000253753147054455
hsCoronavirus_disease_COVID_19 155 160 1.36809147766286e-09
hsCoronavirus_disease_COVID_19 160 165 8.88374820463994e-14
hsCoronavirus_disease_COVID_19 165 170 2.15537144207736e-10
hsCoronavirus_disease_COVID_19 170 175 1.11789791717549e-15
hsCoronavirus_disease_COVID_19 175 180 0.00251542064487143
hsCoronavirus_disease_COVID_19 180 185 3.4341009695987e-11
hsCoronavirus_disease_COVID_19 185 190 5.46555545829032e-07
hsCoronavirus_disease_COVID_19 190 195 7.07835978210974e-19
hsCoronavirus_disease_COVID_19 195 200 0.0125046279109604
hsCoronavirus_disease_COVID_19 200 205 0.00143930740999664
hsCoronavirus_disease_COVID_19 205 210 2.09520154864369e-16
hsCoronavirus_disease_COVID_19 210 215 2.59837614630432e-18
hsCoronavirus_disease_COVID_19 215 220 2.81077246906128e-13
hsCoronavirus_disease_COVID_19 220 225 1.47240766736015e-21
hsCoronavirus_disease_COVID_19 225 230 1.77949421219629e-16
hsCoronavirus_disease_COVID_19 230 235 4.84950158086364e-25
hsCoronavirus_disease_COVID_19 235 240 8.12355634367024e-22
hsCoronavirus_disease_COVID_19 240 245 6.34319915450709e-22
hsCoronavirus_disease_COVID_19 245 250 1.71697916961473e-19
hsCoronavirus_disease_COVID_19 250 255 2.60650965101047e-19
hsCoronavirus_disease_COVID_19 255 260 1.24273866752708e-19
hsCoronavirus_disease_COVID_19 260 265 7.42159786753379e-05
hsCoronavirus_disease_COVID_19 265 270 1.12135940428637e-08
hsCoronavirus_disease_COVID_19 270 275 1.01591123670546e-05
hsCoronavirus_disease_COVID_19 275 280 1.85281264451667e-05
hsCoronavirus_disease_COVID_19 280 285 1.29996710838233e-10
hsCoronavirus_disease_COVID_19 285 290 1.26535485320808e-12
hsCoronavirus_disease_COVID_19 290 295 5.36021737920004e-12
hsCoronavirus_disease_COVID_19 295 300 2.92826464164167e-16
hsCoronavirus_disease_COVID_19 300 305 1.03875135959143e-16
hsCoronavirus_disease_COVID_19 305 310 1.12477418244822e-17
hsCoronavirus_disease_COVID_19 310 315 3.25772044851534e-06
hsCoronavirus_disease_COVID_19 315 320 0.041790020988873
hsCoronavirus_disease_COVID_19 320 325 0.0075482700408212
hsCoronavirus_disease_COVID_19 325 330 0.00216821571619604
hsCoronavirus_disease_COVID_19 330 335 0.00554224477553059
hsCoronavirus_disease_COVID_19 335 340 0.0188709167262448
hsCoronavirus_disease_COVID_19 340 345 0.025196386733297
hsCoronavirus_disease_COVID_19 345 350 0.0178363566155319
hsCoronavirus_disease_COVID_19 350 355 0.0231244490044975
hsCoronavirus_disease_COVID_19 355 360 2.6942316765265e-12
hsCoronavirus_disease_COVID_19 360 365 7.29543508379297e-08
hsCoronavirus_disease_COVID_19 365 370 5.32738469320424e-05
hsCoronavirus_disease_COVID_19 370 375 4.96974862982144e-06
hsCoronavirus_disease_COVID_19 375 380 0.00471297236186365
hsCoronavirus_disease_COVID_19 380 385 1.27519898936758e-09
hsCoronavirus_disease_COVID_19 385 390 1.15800215739207e-11
hsCoronavirus_disease_COVID_19 390 395 2.21502981121144e-05
hsCoronavirus_disease_COVID_19 395 400 9.64742062982692e-06
hsCoronavirus_disease_COVID_19 400 405 0.00472439928401248
hsCoronavirus_disease_COVID_19 405 410 3.51118413540849e-07
hsCoronavirus_disease_COVID_19 410 415 0.0093526930222964
hsCoronavirus_disease_COVID_19 415 420 0.00253103686444881
hsCoronavirus_disease_COVID_19 420 425 0.00350582066701659
hsCoronavirus_disease_COVID_19 425 430 0.0130315040542037
hsCoronavirus_disease_COVID_19 430 435 0.00421899327706517
hsCoronavirus_disease_COVID_19 435 440 9.44332144819787e-09
hsCoronavirus_disease_COVID_19 440 445 0.0229276975681454
hsCoronavirus_disease_COVID_19 445 450 3.66360677993997e-07
hsCoronavirus_disease_COVID_19 450 455 9.95745169798446e-11
hsCoronavirus_disease_COVID_19 455 460 1.28634688594027e-06
hsCoronavirus_disease_COVID_19 460 465 2.34986560866909e-13
hsCoronavirus_disease_COVID_19 465 470 4.65670136446255e-17
hsCoronavirus_disease_COVID_19 470 475 0.000234202677412732
hsCoronavirus_disease_COVID_19 475 480 5.84170312000151e-15
hsCoronavirus_disease_COVID_19 480 485 0.000348538339299015
hsCoronavirus_disease_COVID_19 485 490 0.000322002751254098
hsCoronavirus_disease_COVID_19 490 495 4.96478093068179e-12
hsCoronavirus_disease_COVID_19 495 500 1.10087493633941e-10
hsCoronavirus_disease_COVID_19 500 505 6.70635983063242e-16
hsCoronavirus_disease_COVID_19 505 510 0.000149666771619281
hsCoronavirus_disease_COVID_19 510 515 6.17912727790824e-05
hsCoronavirus_disease_COVID_19 515 520 4.16238355987104e-11
hsCoronavirus_disease_COVID_19 520 525 0.00707890884370707
hsCoronavirus_disease_COVID_19 525 530 1.69409362195623e-10
hsCoronavirus_disease_COVID_19 530 535 0.00353866006838667
hsCoronavirus_disease_COVID_19 535 540 1.85411831794426e-16
hsCoronavirus_disease_COVID_19 540 545 5.12338233070053e-15
hsCoronavirus_disease_COVID_19 545 550 1.12072108079164e-14
hsCoronavirus_disease_COVID_19 550 555 0.0104928716548041
hsCoronavirus_disease_COVID_19 555 560 0.000680747845931165
hsCoronavirus_disease_COVID_19 560 565 2.80940679903581e-06
hsCoronavirus_disease_COVID_19 565 570 0.00149313818381908
hsCoronavirus_disease_COVID_19 570 575 4.44228971954931e-19
hsCoronavirus_disease_COVID_19 575 580 5.01346948040912e-05
hsCoronavirus_disease_COVID_19 580 585 2.98292505240567e-08
hsCoronavirus_disease_COVID_19 585 590 0.000144669979455982
hsCoronavirus_disease_COVID_19 590 595 0.00478299277481998
hsCoronavirus_disease_COVID_19 595 600 3.91219031107848e-11
hsCoronavirus_disease_COVID_19 600 605 9.89348217093649e-08
hsCoronavirus_disease_COVID_19 605 610 2.97831138294254e-10
hsCoronavirus_disease_COVID_19 610 615 8.64436590102623e-11
hsCoronavirus_disease_COVID_19 615 620 8.77840990429847e-08
hsCoronavirus_disease_COVID_19 620 625 2.23747224089296e-06
hsCoronavirus_disease_COVID_19 625 630 0.000544162370224708
hsCoronavirus_disease_COVID_19 630 635 1.59449946219561e-11
hsCoronavirus_disease_COVID_19 635 640 0.00148170967449197
hsCoronavirus_disease_COVID_19 640 645 0.00789530679731923
hsCoronavirus_disease_COVID_19 645 650 0.00147399854950312
hsCoronavirus_disease_COVID_19 650 655 0.000204163667278266
hsCoronavirus_disease_COVID_19 655 660 0.00312896186127029
hsCoronavirus_disease_COVID_19 660 665 8.8891574703e-07
hsCoronavirus_disease_COVID_19 665 670 0.0131795611864448
hsCoronavirus_disease_COVID_19 670 675 0.0010034043454489
hsCoronavirus_disease_COVID_19 675 680 0.0180506062479616
hsCoronavirus_disease_COVID_19 680 685 0.00990873982470278
hsCoronavirus_disease_COVID_19 685 690 2.12058501723828e-14
hsCoronavirus_disease_COVID_19 690 695 0.00515593226282692
hsCoronavirus_disease_COVID_19 695 700 1.4655944688104e-10
hsCoronavirus_disease_COVID_19 700 705 5.05861539416035e-06
hsCoronavirus_disease_COVID_19 705 710 0.0174924564212431
hsCoronavirus_disease_COVID_19 710 715 0.0111937124659966
hsCoronavirus_disease_COVID_19 715 720 0.00719127112023039
hsCoronavirus_disease_COVID_19 720 725 0.020583363716375
hsCoronavirus_disease_COVID_19 725 730 5.40125475419217e-06
hsCoronavirus_disease_COVID_19 730 735 0.0243241029905659
hsCoronavirus_disease_COVID_19 735 740 0.000910742077919471
hsCoronavirus_disease_COVID_19 740 745 0.00991234617017414
hsCoronavirus_disease_COVID_19 745 750 6.26414078134156e-22
hsCoronavirus_disease_COVID_19 750 755 4.21331877128309e-12
hsCoronavirus_disease_COVID_19 755 760 1.95959647298571e-05
hsCoronavirus_disease_COVID_19 760 765 0.0055762697992575
hsCoronavirus_disease_COVID_19 765 770 0.0163605324598812
hsCoronavirus_disease_COVID_19 770 775 0.000836693888497164
hsCoronavirus_disease_COVID_19 775 780 0.00901092079741136
hsCoronavirus_disease_COVID_19 780 785 2.29594102191792e-16
hsCoronavirus_disease_COVID_19 785 790 0.000312815734105553
hsCoronavirus_disease_COVID_19 790 795 0.047869222862378
hsSpliceosome 0 5 0.0124711031649874
hsSpliceosome 5 10 6.83690019624405e-05
hsSpliceosome 10 15 0.0336343876791997
hsSpliceosome 15 20 0.00138785076597338
hsSpliceosome 20 25 1.06226339330427e-11
hsSpliceosome 25 30 0.000206185208939549
hsSpliceosome 30 35 6.66101328484305e-05
hsSpliceosome 35 40 2.31372791621129e-06
hsSpliceosome 40 45 0.0014291433646664
hsSpliceosome 45 50 1.14046798221504e-10
hsSpliceosome 50 55 7.81145120891552e-09
hsSpliceosome 55 60 3.08029936268864e-06
hsSpliceosome 60 65 1.07799769689844e-06
hsSpliceosome 65 70 7.15658395149062e-07
hsSpliceosome 70 75 9.16425744192064e-05
hsSpliceosome 75 80 0.0184027564950535
hsSpliceosome 80 85 2.62239585195835e-09
hsSpliceosome 85 90 0.000371883173675063
hsSpliceosome 90 95 4.0678758879696e-08
hsSpliceosome 95 100 0.00583966918875653
hsSpliceosome 100 105 1.39591335831739e-06
hsSpliceosome 105 110 1.27736376887342e-10
hsSpliceosome 110 115 2.03324998299147e-15
hsSpliceosome 115 120 0.0350649106174377
hsSpliceosome 120 125 5.57889332541431e-11
hsSpliceosome 125 130 0.00734611528585799
hsSpliceosome 130 135 0.0233483443744733
hsSpliceosome 135 140 8.52164802951988e-10
hsSpliceosome 140 145 0.035898823461353
hsSpliceosome 145 150 0.00567170393031672
hsSpliceosome 150 155 2.29174230813215e-12
hsSpliceosome 155 160 0.023416707246549
hsSpliceosome 160 165 1.49482692174642e-10
hsSpliceosome 165 170 0.0314592408038851
hsSpliceosome 170 175 9.25133886139253e-05
hsSpliceosome 175 180 0.000327718688536492
hsSpliceosome 180 185 0.0260787074112416
hsSpliceosome 185 190 2.18545565052316e-12
hsSpliceosome 190 195 1.51095465712432e-08
hsSpliceosome 195 200 7.75295122783376e-07
hsSpliceosome 200 205 0.0362049190423816
hsSpliceosome 205 210 0.00181507917546371
hsSpliceosome 210 215 0.00858524372690716
hsSpliceosome 215 220 6.48509583676081e-10
hsSpliceosome 220 225 6.409565024017e-12
hsSpliceosome 225 230 2.30485877853496e-09
hsSpliceosome 230 235 5.42237492141825e-09
hsSpliceosome 235 240 4.58724730150562e-07
hsSpliceosome 240 245 1.169823601172e-08
hsSpliceosome 245 250 0.0377563294086716
hsSpliceosome 250 255 1.88014471695463e-11
hsSpliceosome 255 260 0.0181303778090863
hsSpliceosome 260 265 0.00926646737164539
hsSpliceosome 265 270 0.00389835391474171
hsSpliceosome 270 275 9.68848304895116e-07
hsSpliceosome 275 280 0.000469730547159628
hsSpliceosome 280 285 0.00485850644435857
hsSpliceosome 285 290 1.45058270899974e-06
hsSpliceosome 290 295 0.00101586216504317
hsSpliceosome 295 300 0.000329669845973705
hsSpliceosome 300 305 0.0045056541369858
hsSpliceosome 305 310 0.0116273913701937
hsSpliceosome 310 315 0.0249195040304849
hsSpliceosome 315 320 0.0101303980583384
hsSpliceosome 320 325 0.0255861352264318
hsSpliceosome 325 330 6.94525743137567e-07
hsSpliceosome 330 335 0.0402190282418674
hsSpliceosome 335 340 1.91862420265249e-05
hsSpliceosome 340 345 0.0001315341216466
hsSpliceosome 345 350 0.00173465336446769
hsSpliceosome 350 355 7.06430711909519e-07
hsParkinson_disease 0 5 1.54125945354923e-08
hsParkinson_disease 5 10 0.0316423201256683
hsParkinson_disease 10 15 0.0172095081762236
hsParkinson_disease 15 20 4.81943144494967e-08
hsParkinson_disease 20 25 6.83897339917214e-22
hsParkinson_disease 25 30 0.00179264020622357
hsParkinson_disease 30 35 0.00278938167907133
hsParkinson_disease 35 40 6.84523904090617e-09
hsParkinson_disease 40 45 3.46775667015485e-06
hsParkinson_disease 45 50 0.0192781079368481
hsParkinson_disease 50 55 3.33835327851882e-17
hsParkinson_disease 55 60 2.22241085938691e-06
hsParkinson_disease 60 65 0.0102262237793015
hsParkinson_disease 65 70 0.00307371357789105
hsParkinson_disease 70 75 1.14678506227445e-13
hsParkinson_disease 75 80 1.13062112735359e-10
hsParkinson_disease 80 85 1.60552313689947e-19
hsParkinson_disease 85 90 0.0039930728363765
hsParkinson_disease 90 95 0.000674244108580663
hsParkinson_disease 95 100 3.07679265198845e-17
hsParkinson_disease 100 105 0.00182266708417458
hsParkinson_disease 105 110 0.0183685589724371
hsParkinson_disease 110 115 0.000334618903266281
hsParkinson_disease 115 120 4.55834612262447e-05
hsParkinson_disease 120 125 0.000212616765837044
hsParkinson_disease 125 130 0.00851097869447588
hsParkinson_disease 130 135 1.17085443231443e-13
hsParkinson_disease 135 140 8.02672669482252e-23
hsParkinson_disease 140 145 0.00154270172536643
hsParkinson_disease 145 150 4.11380962768858e-14
hsParkinson_disease 150 155 1.41308709093891e-21
hsParkinson_disease 155 160 2.59525435370671e-05
hsParkinson_disease 160 165 0.00110948837658294
hsParkinson_disease 165 170 1.1291885225354e-16
hsParkinson_disease 170 175 0.0212459789632482
hsParkinson_disease 175 180 7.40295205952908e-06
hsParkinson_disease 180 185 1.55849171872436e-06
hsParkinson_disease 185 190 6.74984438018784e-18
hsParkinson_disease 190 195 2.97891400937195e-07
hsParkinson_disease 195 200 3.05290533637856e-11
hsParkinson_disease 200 205 4.93493983200765e-09
hsParkinson_disease 205 210 1.03426796051735e-10
hsParkinson_disease 210 215 1.80021179411322e-05
hsParkinson_disease 215 220 3.14949728759379e-19
hsParkinson_disease 220 225 0.000146915641506581
hsParkinson_disease 225 230 0.00120670181650106
hsParkinson_disease 230 235 0.00772229768839123
hsParkinson_disease 235 240 0.0203291374500584
hsParkinson_disease 240 245 0.0422835036977482
hsParkinson_disease 245 250 0.00014861136588902
hsParkinson_disease 250 255 2.46404259366561e-09
hsParkinson_disease 255 260 2.32440376812556e-19
hsParkinson_disease 260 265 0.000317685284584984
hsParkinson_disease 265 270 6.99631156951023e-13
hsParkinson_disease 270 275 2.50002213716076e-10
hsParkinson_disease 275 280 0.0173974612002099
hsParkinson_disease 280 285 4.68771179430519e-05
hsParkinson_disease 285 290 0.0107930182983208
hsParkinson_disease 290 295 3.80239991761809e-08
hsParkinson_disease 295 300 0.0199274716153553
hsParkinson_disease 300 305 0.000692112027663376
hsParkinson_disease 305 310 1.57777690363455e-05
hsParkinson_disease 310 315 6.78536752113566e-20
hsParkinson_disease 315 320 0.00276767472777144
hsParkinson_disease 320 325 6.07763460337581e-05
hsParkinson_disease 325 330 9.75180167139736e-14
hsParkinson_disease 330 335 4.39025206916822e-12
hsParkinson_disease 335 340 9.44384221039033e-15
hsParkinson_disease 340 345 1.94185449959209e-05
hsParkinson_disease 345 350 1.08819632216151e-08
hsParkinson_disease 350 355 0.0013177956067774
hsParkinson_disease 355 360 6.48493030883374e-06
hsParkinson_disease 360 365 2.10171745223899e-23
hsParkinson_disease 365 370 1.05480985559082e-08
hsParkinson_disease 370 375 4.5897477844768e-22
hsParkinson_disease 375 380 0.000425566098844636
hsParkinson_disease 380 385 3.33967386246599e-24
hsParkinson_disease 385 390 1.14242546593067e-30
hsParkinson_disease 390 395 0.00589942969751604
hsParkinson_disease 395 400 0.00690976943668414
hsParkinson_disease 400 405 9.573154306621e-19
hsParkinson_disease 405 410 0.00506461030553534
hsParkinson_disease 410 415 6.82101533605656e-10
hsParkinson_disease 415 420 4.32380635775364e-07
hsParkinson_disease 420 425 0.00692969661994907
hsParkinson_disease 425 430 3.42286314818031e-11
hsParkinson_disease 430 435 0.00467538737430194
hsParkinson_disease 435 440 0.00789530679731923
hsParkinson_disease 440 445 0.00184733624440234
hsParkinson_disease 445 450 0.0390217669847986
hsParkinson_disease 450 455 0.0472539942636963
hsParkinson_disease 455 460 1.69742312632393e-05
hsParkinson_disease 460 465 0.00172267451754038
hsParkinson_disease 465 470 2.97831138294254e-10
hsParkinson_disease 470 475 0.011424647234119
hsParkinson_disease 475 480 0.000158499507447889
hsParkinson_disease 480 485 1.27331685235125e-17
hsParkinson_disease 485 490 0.0118809789688174
hsParkinson_disease 490 495 3.86451630054287e-05
hsParkinson_disease 495 500 0.0198017171500952
hsParkinson_disease 500 505 3.24092520209548e-19
hsParkinson_disease 505 510 3.9964593077076e-16
hsParkinson_disease 510 515 2.47021675893336e-15
hsParkinson_disease 515 520 7.45235718950581e-07
hsParkinson_disease 520 525 0.00175286761639012
hsParkinson_disease 525 530 2.27448580125512e-10
hsParkinson_disease 530 535 0.00765373469791434
hsParkinson_disease 535 540 0.0132786078087507
hsParkinson_disease 540 545 2.1936071470816e-05
hsParkinson_disease 545 550 2.44034911475873e-21
hsParkinson_disease 550 555 1.71705540440767e-16
hsParkinson_disease 555 560 0.00139068401900418
hsParkinson_disease 560 565 2.47274500807255e-17
hsParkinson_disease 565 570 0.015159394673548
hsParkinson_disease 570 575 0.0249869480298776
hsParkinson_disease 575 580 0.0382988614034094
hsParkinson_disease 580 585 0.0327697240075383
hsParkinson_disease 585 590 0.0371902258740876
hsParkinson_disease 590 595 0.000476889510647835
hsParkinson_disease 595 600 0.00116419037391705
hsParkinson_disease 600 605 0.00837668719890711
hsParkinson_disease 605 610 0.000109434140292324
hsParkinson_disease 610 615 0.0490104431579985
hsParkinson_disease 615 620 0.00193306994095596
hsParkinson_disease 620 625 0.0209547803618904
hsParkinson_disease 625 630 0.000128459027599115
hsParkinson_disease 630 635 2.99231159398924e-14
hsParkinson_disease 635 640 0.000350201412361769
hsParkinson_disease 640 645 0.000112160461990543
hsParkinson_disease 645 650 2.95143687752688e-08
hsParkinson_disease 650 655 1.61549141492327e-12
hsParkinson_disease 655 660 0.0140914322075634
hsParkinson_disease 660 665 8.43231965456437e-08
hsParkinson_disease 665 670 8.58412895558113e-05
hsParkinson_disease 670 675 0.0495746270232854
hsParkinson_disease 675 680 0.0012013932140535
hsParkinson_disease 680 685 3.57408456575402e-05
hsParkinson_disease 685 690 5.49212802745018e-05
hsParkinson_disease 690 695 3.05734439546308e-13
hsParkinson_disease 695 700 0.0254201617092022
hsParkinson_disease 700 705 0.0221261582433788
hsParkinson_disease 705 710 0.000101688452608401
hsParkinson_disease 710 715 0.00062403798347972
hsParkinson_disease 715 720 4.33952017975851e-05
hsParkinson_disease 720 725 0.00990873982470278
hsParkinson_disease 725 730 2.12058501723828e-14
hsProteasome 0 5 0.00154270172536643
hsProteasome 5 10 4.11380962768858e-14
hsProteasome 10 15 1.41308709093891e-21
hsProteasome 15 20 2.59525435370671e-05
hsProteasome 20 25 1.1291885225354e-16
hsProteasome 25 30 0.0212459789632482
hsProteasome 30 35 0.00110948837658294
hsProteasome 35 40 1.17085443231443e-13
hsProteasome 40 45 8.02672669482252e-23
hsProteasome 45 50 7.40295205952908e-06
hsProteasome 50 55 4.55834612262447e-05
hsProteasome 55 60 0.00851097869447588
hsProteasome 60 65 0.000212616765837044
hsProteasome 65 70 1.7139588471764e-13
hsProteasome 70 75 2.45272592151796e-11
hsProteasome 75 80 0.00992177022604783
hsProteasome 80 85 5.40694775881305e-07
hsProteasome 85 90 0.0102262237793015
hsProteasome 90 95 0.00307371357789105
hsProteasome 95 100 1.14678506227445e-13
hsProteasome 100 105 1.13062112735359e-10
hsProteasome 105 110 1.60552313689947e-19
hsProteasome 110 115 0.0039930728363765
hsProteasome 115 120 0.000674244108580663
hsProteasome 120 125 3.07679265198845e-17
hsProteasome 125 130 0.00182266708417458
hsProteasome 130 135 0.0183685589724371
hsProteasome 135 140 0.000334618903266281
hsProteasome 140 145 1.90376920595379e-06
hsProteasome 145 150 6.49617794286857e-22
hsProteasome 150 155 0.0447328285568329
hsProteasome 155 160 1.69950030727893e-10
hsProteasome 160 165 1.69742312632393e-05
hsProteasome 165 170 0.0472539942636963
hsProteasome 170 175 0.000284100237342586
hsSpinocerebellar_ataxia 0 5 2.03400033073127e-07
hsSpinocerebellar_ataxia 5 10 0.00050771819475225
hsSpinocerebellar_ataxia 10 15 0.0142283058730761
hsSpinocerebellar_ataxia 15 20 8.04736903017311e-10
hsSpinocerebellar_ataxia 20 25 1.80021179411322e-05
hsSpinocerebellar_ataxia 25 30 3.14949728759379e-19
hsSpinocerebellar_ataxia 30 35 4.20889206768633e-07
hsSpinocerebellar_ataxia 35 40 0.0112079643049742
hsSpinocerebellar_ataxia 40 45 0.000866149070609636
hsSpinocerebellar_ataxia 45 50 0.00295126014948868
hsSpinocerebellar_ataxia 50 55 6.78536752113566e-20
hsSpinocerebellar_ataxia 55 60 6.07763460337581e-05
hsSpinocerebellar_ataxia 60 65 0.0122417378659279
hsSpinocerebellar_ataxia 65 70 0.0102262237793015
hsSpinocerebellar_ataxia 70 75 0.00307371357789105
hsSpinocerebellar_ataxia 75 80 1.14678506227445e-13
hsSpinocerebellar_ataxia 80 85 1.13062112735359e-10
hsSpinocerebellar_ataxia 85 90 1.60552313689947e-19
hsSpinocerebellar_ataxia 90 95 0.0039930728363765
hsSpinocerebellar_ataxia 95 100 0.000674244108580663
hsSpinocerebellar_ataxia 100 105 3.07679265198845e-17
hsSpinocerebellar_ataxia 105 110 0.00182266708417458
hsSpinocerebellar_ataxia 110 115 0.0183685589724371
hsSpinocerebellar_ataxia 115 120 0.000334618903266281
hsSpinocerebellar_ataxia 120 125 4.55834612262447e-05
hsSpinocerebellar_ataxia 125 130 0.000212616765837044
hsSpinocerebellar_ataxia 130 135 0.00851097869447588
hsSpinocerebellar_ataxia 135 140 1.17085443231443e-13
hsSpinocerebellar_ataxia 140 145 8.02672669482252e-23
hsSpinocerebellar_ataxia 145 150 0.00154270172536643
hsSpinocerebellar_ataxia 150 155 4.11380962768858e-14
hsSpinocerebellar_ataxia 155 160 1.41308709093891e-21
hsSpinocerebellar_ataxia 160 165 2.59525435370671e-05
hsSpinocerebellar_ataxia 165 170 0.00110948837658294
hsSpinocerebellar_ataxia 170 175 1.1291885225354e-16
hsSpinocerebellar_ataxia 175 180 0.0212459789632482
hsSpinocerebellar_ataxia 180 185 7.40295205952908e-06
hsSpinocerebellar_ataxia 185 190 1.69380380657172e-08
hsSpinocerebellar_ataxia 190 195 4.40897205252721e-17
hsSpinocerebellar_ataxia 195 200 4.34985294427292e-20
hsSpinocerebellar_ataxia 200 205 0.0205575181224965
hsSpinocerebellar_ataxia 205 210 0.000494828750286345
hsSpinocerebellar_ataxia 210 215 0.0414129827293802
hsSpinocerebellar_ataxia 215 220 2.52403077593772e-05
hsSpinocerebellar_ataxia 220 225 0.000370221838173064
hsSpinocerebellar_ataxia 225 230 2.13674378277151e-07
hsSpinocerebellar_ataxia 230 235 1.56386396558564e-06
hsSpinocerebellar_ataxia 235 240 0.00215366489993872
hsSpinocerebellar_ataxia 240 245 2.75914514455745e-12
hsSpinocerebellar_ataxia 245 250 0.000136521800869637
hsSpinocerebellar_ataxia 250 255 0.000794771820690341
hsSpinocerebellar_ataxia 255 260 1.6904711572521e-05
hsSpinocerebellar_ataxia 260 265 0.000233202845677201
hsSpinocerebellar_ataxia 265 270 4.72240199933995e-09
hsSpinocerebellar_ataxia 270 275 1.26627256110856e-22
hsSpinocerebellar_ataxia 275 280 0.0010034043454489
hsSpinocerebellar_ataxia 280 285 1.87693573120066e-10
hsSpinocerebellar_ataxia 285 290 1.39262795933901e-07
hsSpinocerebellar_ataxia 290 295 3.86451630054287e-05
hsSpinocerebellar_ataxia 295 300 0.0183685589724371
hsSpinocerebellar_ataxia 300 305 0.00158341716619177
hsSpinocerebellar_ataxia 305 310 0.000454476858309047
hsSpinocerebellar_ataxia 310 315 2.24658495207261e-06
hsSpinocerebellar_ataxia 315 320 8.92076240651243e-08
hsSpinocerebellar_ataxia 320 325 5.65557920372676e-13
hsSpinocerebellar_ataxia 325 330 3.22781833418305e-05
hsSpinocerebellar_ataxia 330 335 0.000427771325369078
hsSpinocerebellar_ataxia 335 340 0.000112160461990543
hsSpinocerebellar_ataxia 340 345 2.95143687752688e-08
hsSpinocerebellar_ataxia 345 350 1.61549141492327e-12
hsSpinocerebellar_ataxia 350 355 0.0140914322075634
hsSpinocerebellar_ataxia 355 360 8.43231965456437e-08
hsSpinocerebellar_ataxia 360 365 0.0314936788595685
hsSpinocerebellar_ataxia 365 370 0.0472539942636963
hsSpinocerebellar_ataxia 370 375 1.69742312632393e-05
hsSpinocerebellar_ataxia 375 380 3.24092520209548e-19
hsSpinocerebellar_ataxia 380 385 4.33952017975851e-05
hsSpinocerebellar_ataxia 385 390 0.00990873982470278
hsSpinocerebellar_ataxia 390 395 2.12058501723828e-14
hsSpinocerebellar_ataxia 395 400 8.90450629337937e-07
hsSpinocerebellar_ataxia 400 405 9.97851271344063e-14
hsSpinocerebellar_ataxia 405 410 1.07692078893857e-09
hsSpinocerebellar_ataxia 410 415 0.0179265261314835
hsSpinocerebellar_ataxia 415 420 2.73304258290715e-23
hsSpinocerebellar_ataxia 420 425 3.9964593077076e-16
hsSpinocerebellar_ataxia 425 430 4.37909082005846e-05
hsSpinocerebellar_ataxia 430 435 3.50187906539946e-14
hsSpinocerebellar_ataxia 435 440 5.94951790826314e-06
hsSpinocerebellar_ataxia 440 445 0.000733219196292021
hsSpinocerebellar_ataxia 445 450 2.0717573662545e-09
hsSpinocerebellar_ataxia 450 455 0.00152593055709044
hsSpinocerebellar_ataxia 455 460 1.19273998869563e-17
hsSpinocerebellar_ataxia 460 465 0.0131795611864448
hsSpinocerebellar_ataxia 465 470 0.00183066413203754
hsSpinocerebellar_ataxia 470 475 0.00406956480983197
hsPrion_disease 0 5 0.0163656250129788
hsPrion_disease 5 10 0.00203942745625984
hsPrion_disease 10 15 7.40541531316839e-15
hsPrion_disease 15 20 0.00506461030553534
hsPrion_disease 20 25 9.76973700767827e-05
hsPrion_disease 25 30 0.00179264020622357
hsPrion_disease 30 35 9.44384221039033e-15
hsPrion_disease 35 40 8.20200788825564e-12
hsPrion_disease 40 45 0.00295126014948868
hsPrion_disease 45 50 3.77832701458612e-05
hsPrion_disease 50 55 0.00224654796373901
hsPrion_disease 55 60 0.00772229768839123
hsPrion_disease 60 65 0.00120670181650106
hsPrion_disease 65 70 1.80021179411322e-05
hsPrion_disease 70 75 3.14949728759379e-19
hsPrion_disease 75 80 7.3724399953028e-17
hsPrion_disease 80 85 2.02293270228326e-05
hsPrion_disease 85 90 6.07763460337581e-05
hsPrion_disease 90 95 9.75180167139736e-14
hsPrion_disease 95 100 6.78536752113566e-20
hsPrion_disease 100 105 2.50002213716076e-10
hsPrion_disease 105 110 0.0173974612002099
hsPrion_disease 110 115 4.68771179430519e-05
hsPrion_disease 115 120 0.0107930182983208
hsPrion_disease 120 125 3.80239991761809e-08
hsPrion_disease 125 130 0.0199274716153553
hsPrion_disease 130 135 0.000692112027663376
hsPrion_disease 135 140 1.57777690363455e-05
hsPrion_disease 140 145 0.0102262237793015
hsPrion_disease 145 150 0.00307371357789105
hsPrion_disease 150 155 1.14678506227445e-13
hsPrion_disease 155 160 1.13062112735359e-10
hsPrion_disease 160 165 1.60552313689947e-19
hsPrion_disease 165 170 0.0039930728363765
hsPrion_disease 170 175 0.000674244108580663
hsPrion_disease 175 180 3.07679265198845e-17
hsPrion_disease 180 185 0.00182266708417458
hsPrion_disease 185 190 0.0183685589724371
hsPrion_disease 190 195 0.000334618903266281
hsPrion_disease 195 200 4.55834612262447e-05
hsPrion_disease 200 205 0.000212616765837044
hsPrion_disease 205 210 0.00851097869447588
hsPrion_disease 210 215 1.17085443231443e-13
hsPrion_disease 215 220 8.02672669482252e-23
hsPrion_disease 220 225 0.00154270172536643
hsPrion_disease 225 230 4.11380962768858e-14
hsPrion_disease 230 235 1.41308709093891e-21
hsPrion_disease 235 240 2.59525435370671e-05
hsPrion_disease 240 245 0.00110948837658294
hsPrion_disease 245 250 1.1291885225354e-16
hsPrion_disease 250 255 0.0212459789632482
hsPrion_disease 255 260 7.40295205952908e-06
hsPrion_disease 260 265 1.29996710838233e-10
hsPrion_disease 265 270 1.26535485320808e-12
hsPrion_disease 270 275 5.36021737920004e-12
hsPrion_disease 275 280 1.51095465712432e-08
hsPrion_disease 280 285 7.75295122783376e-07
hsPrion_disease 285 290 0.0362049190423816
hsPrion_disease 290 295 0.0497875893817594
hsPrion_disease 295 300 0.0057125351344337
hsPrion_disease 300 305 0.000136521800869637
hsPrion_disease 305 310 0.000794771820690341
hsPrion_disease 310 315 2.23220478553224e-07
hsPrion_disease 315 320 1.52508766746788e-12
hsPrion_disease 320 325 6.02742994890528e-12
hsPrion_disease 325 330 9.67205846637599e-06
hsPrion_disease 330 335 3.85141671362132e-16
hsPrion_disease 335 340 3.12815430788712e-17
hsPrion_disease 340 345 6.74984438018784e-18
hsPrion_disease 345 350 0.00133388042758522
hsPrion_disease 350 355 1.02047921902576e-12
hsPrion_disease 355 360 4.78087515709564e-05
hsPrion_disease 360 365 0.00789491969328052
hsPrion_disease 365 370 6.64125443667495e-05
hsPrion_disease 370 375 5.46375807718167e-12
hsPrion_disease 375 380 6.99770270375352e-05
hsPrion_disease 380 385 0.0216751941431391
hsPrion_disease 385 390 1.08819632216151e-08
hsPrion_disease 390 395 0.0013177956067774
hsPrion_disease 395 400 6.48493030883374e-06
hsPrion_disease 400 405 2.10171745223899e-23
hsPrion_disease 405 410 1.05480985559082e-08
hsPrion_disease 410 415 4.5897477844768e-22
hsPrion_disease 415 420 0.000425566098844636
hsPrion_disease 420 425 3.33967386246599e-24
hsPrion_disease 425 430 1.14242546593067e-30
hsPrion_disease 430 435 2.02559616754251e-09
hsPrion_disease 435 440 0.00467538737430194
hsPrion_disease 440 445 2.24658495207261e-06
hsPrion_disease 445 450 8.92076240651243e-08
hsPrion_disease 450 455 5.65557920372676e-13
hsPrion_disease 455 460 3.22781833418305e-05
hsPrion_disease 460 465 0.000427771325369078
hsPrion_disease 465 470 1.28886972988174e-12
hsPrion_disease 470 475 0.00542222734019057
hsPrion_disease 475 480 0.000910788318898175
hsPrion_disease 480 485 2.47021675893336e-15
hsPrion_disease 485 490 7.45235718950581e-07
hsPrion_disease 490 495 0.00158341716619177
hsPrion_disease 495 500 9.22882411919837e-22
hsPrion_disease 500 505 0.0118809789688174
hsPrion_disease 505 510 3.86451630054287e-05
hsPrion_disease 510 515 0.00206210413090087
hsPrion_disease 515 520 1.85954093233507e-11
hsPrion_disease 520 525 0.000112160461990543
hsPrion_disease 525 530 2.95143687752688e-08
hsPrion_disease 530 535 1.61549141492327e-12
hsPrion_disease 535 540 0.0140914322075634
hsPrion_disease 540 545 8.43231965456437e-08
hsPrion_disease 545 550 0.015159394673548
hsPrion_disease 550 555 0.0249869480298776
hsPrion_disease 555 560 0.0382988614034094
hsPrion_disease 560 565 0.0327697240075383
hsPrion_disease 565 570 0.0371902258740876
hsPrion_disease 570 575 0.000476889510647835
hsPrion_disease 575 580 0.00116419037391705
hsPrion_disease 580 585 0.00837668719890711
hsPrion_disease 585 590 0.000109434140292324
hsPrion_disease 590 595 0.0490104431579985
hsPrion_disease 595 600 0.00193306994095596
hsPrion_disease 600 605 0.0209547803618904
hsPrion_disease 605 610 0.000128459027599115
hsPrion_disease 610 615 2.99231159398924e-14
hsPrion_disease 615 620 0.0472539942636963
hsPrion_disease 620 625 1.69742312632393e-05
hsPrion_disease 625 630 6.26414078134156e-22
hsPrion_disease 630 635 4.21331877128309e-12
hsPrion_disease 635 640 1.95959647298571e-05
hsPrion_disease 640 645 0.0055762697992575
hsPrion_disease 645 650 0.0163605324598812
hsPrion_disease 650 655 0.000386064758646673
hsPrion_disease 655 660 0.0131795611864448
hsPrion_disease 660 665 0.0180506062479616
hsPrion_disease 665 670 0.00990873982470278
hsPrion_disease 670 675 2.12058501723828e-14
hsPrion_disease 675 680 0.00287551934301052
hsPrion_disease 680 685 0.00112978387408291
hsPrion_disease 685 690 0.0178363566155319
hsPrion_disease 690 695 0.00120173497960977
hsPrion_disease 695 700 0.0495746270232854
hsPrion_disease 700 705 0.0012013932140535
hsPrion_disease 705 710 3.57408456575402e-05
hsPrion_disease 710 715 5.49212802745018e-05
hsPrion_disease 715 720 3.05734439546308e-13
hsPrion_disease 720 725 0.0254201617092022
hsPrion_disease 725 730 0.0221261582433788
hsCell_cycle 0 5 1.0975319220466e-08
hsCell_cycle 5 10 0.0328083802011818
hsCell_cycle 10 15 3.02892491857744e-06
hsCell_cycle 15 20 1.11184644565139e-09
hsCell_cycle 20 25 0.000104534404890509
hsCell_cycle 25 30 0.000381778728386626
hsCell_cycle 30 35 1.17589746897266e-20
hsCell_cycle 35 40 0.0162002671624607
hsCell_cycle 40 45 3.48560894635833e-07
hsCell_cycle 45 50 6.99770270375352e-05
hsCell_cycle 50 55 5.19032506335168e-17
hsCell_cycle 55 60 0.000110439835058045
hsCell_cycle 60 65 1.06554258550237e-08
hsCell_cycle 65 70 0.00990155958619044
hsCell_cycle 70 75 0.0261471891359695
hsCell_cycle 75 80 0.000336931594081754
hsCell_cycle 80 85 3.60145253203333e-14
hsCell_cycle 85 90 1.4731820406531e-05
hsCell_cycle 90 95 0.0243699696776645
hsCell_cycle 95 100 2.12739712310122e-10
hsCell_cycle 100 105 0.0475201464246901
hsCell_cycle 105 110 0.00111354487632507
hsCell_cycle 110 115 0.00174219085845688
hsCell_cycle 115 120 0.000787914967103846
hsCell_cycle 120 125 0.00089040937138629
hsCell_cycle 125 130 2.94511539207499e-21
hsCell_cycle 130 135 0.0014743479599478
hsCell_cycle 135 140 0.0325240470668467
hsCell_cycle 140 145 0.0209547803618904
hsCell_cycle 145 150 0.0305112198138676
hsCell_cycle 150 155 6.00128720643319e-22
hsCell_cycle 155 160 1.0968547876322e-23
hsCell_cycle 160 165 4.09142727766652e-22
hsCell_cycle 165 170 9.03198721938854e-14
hsCell_cycle 170 175 9.75746669818185e-06
hsCell_cycle 175 180 6.16192979527404e-08
hsCell_cycle 180 185 4.50967493349402e-25
hsCell_cycle 185 190 7.50336386656915e-14
hsCell_cycle 190 195 8.53713177379232e-05
hsCell_cycle 195 200 0.00109681835953556
hsCell_cycle 200 205 0.0112914182805725
hsCell_cycle 205 210 3.5059235328452e-12
hsCell_cycle 210 215 0.040218297798304
hsCell_cycle 215 220 0.0473901000506894
hsCell_cycle 220 225 1.59099894288535e-13
hsCell_cycle 225 230 2.30252075497506e-08
hsCell_cycle 230 235 2.27916192745657e-15
hsCell_cycle 235 240 0.0365772482539389
hsCell_cycle 240 245 6.99738004139555e-06
hsCell_cycle 245 250 8.57738044265175e-19
hsCell_cycle 250 255 1.5582856164534e-23
hsCell_cycle 255 260 1.93750713839956e-15
hsCell_cycle 260 265 2.96242629673846e-13
hsCell_cycle 265 270 2.58067305164629e-07
hsCell_cycle 270 275 1.18356442480133e-16
hsCell_cycle 275 280 0.000260863552799678
hsCell_cycle 280 285 0.00589942969751604
hsCell_cycle 285 290 4.00995986012707e-16
hsCell_cycle 290 295 0.000343157066166637
hsCell_cycle 295 300 2.92968548115419e-09
hsCell_cycle 300 305 0.0148299151802216
hsCell_cycle 305 310 8.9906629524936e-11
hsCell_cycle 310 315 2.84048502709991e-12
hsCell_cycle 315 320 7.76956692981294e-27
hsCell_cycle 320 325 0.0162232996217137
hsCell_cycle 325 330 1.78794510729646e-12
hsCell_cycle 330 335 0.00159029121954811
hsCell_cycle 335 340 1.86262116927348e-15
hsCell_cycle 340 345 7.9954489018012e-17
hsCell_cycle 345 350 2.64056779977479e-18
hsCell_cycle 350 355 8.49586499103469e-10
hsCell_cycle 355 360 4.76163049197183e-09
hsCell_cycle 360 365 0.0448258710489493
hsCell_cycle 365 370 1.32620641868946e-07
hsCell_cycle 370 375 8.93676595690418e-17
hsCell_cycle 375 380 1.40902393692304e-08
hsCell_cycle 380 385 1.37660105786695e-07
hsCell_cycle 385 390 0.0189206263615085
hsCell_cycle 390 395 0.00932098417894296
hsCell_cycle 395 400 0.0355800428452016
hsCell_cycle 400 405 0.0451050230100147
hsCell_cycle 405 410 4.39294956202406e-05
hsCell_cycle 410 415 0.0245455283705574
hsCell_cycle 415 420 6.12374979193701e-08
hsCell_cycle 420 425 0.00571169631787287
hsCell_cycle 425 430 0.000175793419139946
hsCell_cycle 430 435 1.05718325445734e-09
hsCell_cycle 435 440 0.000607610062580149
hsViral_carcinogenesis 0 5 3.11464356052212e-09
hsViral_carcinogenesis 5 10 4.77520949006604e-15
hsViral_carcinogenesis 10 15 3.26578953380264e-11
hsViral_carcinogenesis 15 20 1.02047921902576e-12
hsViral_carcinogenesis 20 25 4.78087515709564e-05
hsViral_carcinogenesis 25 30 0.00789491969328052
hsViral_carcinogenesis 30 35 0.0166842289955342
hsViral_carcinogenesis 35 40 6.16192979527404e-08
hsViral_carcinogenesis 40 45 4.50967493349402e-25
hsViral_carcinogenesis 45 50 7.50336386656915e-14
hsViral_carcinogenesis 50 55 8.53713177379232e-05
hsViral_carcinogenesis 55 60 0.00737231336083581
hsViral_carcinogenesis 60 65 5.05056086398046e-07
hsViral_carcinogenesis 65 70 9.75180167139736e-14
hsViral_carcinogenesis 70 75 0.000136521800869637
hsViral_carcinogenesis 75 80 0.000794771820690341
hsViral_carcinogenesis 80 85 3.6369420895929e-12
hsViral_carcinogenesis 85 90 3.03765505498273e-05
hsViral_carcinogenesis 90 95 0.026384006498511
hsViral_carcinogenesis 95 100 8.07717778098816e-10
hsViral_carcinogenesis 100 105 0.00589942969751604
hsViral_carcinogenesis 105 110 2.12739712310122e-10
hsViral_carcinogenesis 110 115 0.0475201464246901
hsViral_carcinogenesis 115 120 0.00111354487632507
hsViral_carcinogenesis 120 125 0.000149010122695571
hsViral_carcinogenesis 125 130 0.0236194325810961
hsViral_carcinogenesis 130 135 8.56201418382254e-12
hsViral_carcinogenesis 135 140 0.00389835391474171
hsViral_carcinogenesis 140 145 0.0460120045795863
hsViral_carcinogenesis 145 150 1.24273866752708e-19
hsViral_carcinogenesis 150 155 0.00179264020622357
hsViral_carcinogenesis 155 160 9.44384221039033e-15
hsViral_carcinogenesis 160 165 5.55035083011372e-19
hsViral_carcinogenesis 165 170 3.18568321807859e-14
hsViral_carcinogenesis 170 175 6.00128720643319e-22
hsViral_carcinogenesis 175 180 0.0414129827293802
hsViral_carcinogenesis 180 185 6.30667424262657e-12
hsViral_carcinogenesis 185 190 1.08524830116069e-07
hsViral_carcinogenesis 190 195 2.92968548115419e-09
hsViral_carcinogenesis 195 200 0.000370221838173064
hsViral_carcinogenesis 200 205 1.0975319220466e-08
hsViral_carcinogenesis 205 210 3.02892491857744e-06
hsViral_carcinogenesis 210 215 2.94511539207499e-21
hsViral_carcinogenesis 215 220 0.00089040937138629
hsViral_carcinogenesis 220 225 0.00299420114701042
hsViral_carcinogenesis 225 230 1.69380380657172e-08
hsViral_carcinogenesis 230 235 3.4341009695987e-11
hsViral_carcinogenesis 235 240 0.0236907401943006
hsViral_carcinogenesis 240 245 7.35198000930509e-14
hsViral_carcinogenesis 245 250 1.64679490443189e-05
hsViral_carcinogenesis 250 255 3.71040307560183e-11
hsViral_carcinogenesis 255 260 1.47900928385369e-07
hsViral_carcinogenesis 260 265 0.000645775000150155
hsViral_carcinogenesis 265 270 1.91531705030763e-11
hsViral_carcinogenesis 270 275 1.90248693007537e-13
hsViral_carcinogenesis 275 280 0.0125046279109604
hsViral_carcinogenesis 280 285 1.11184644565139e-09
hsViral_carcinogenesis 285 290 0.0243699696776645
hsViral_carcinogenesis 290 295 7.05879016614573e-08
hsViral_carcinogenesis 295 300 0.000997780109486774
hsViral_carcinogenesis 300 305 0.000381778728386626
hsViral_carcinogenesis 305 310 0.0141551808733909
hsViral_carcinogenesis 310 315 8.67424767115624e-06
hsViral_carcinogenesis 315 320 1.16737202979137e-05
hsViral_carcinogenesis 320 325 2.71828400710926e-30
hsViral_carcinogenesis 325 330 1.47240766736015e-21
hsViral_carcinogenesis 330 335 0.000606012805465295
hsViral_carcinogenesis 335 340 4.87157767462585e-09
hsViral_carcinogenesis 340 345 0.0167410170107254
hsViral_carcinogenesis 345 350 3.12815430788712e-17
hsViral_carcinogenesis 350 355 1.76756214067657e-17
hsViral_carcinogenesis 355 360 5.08271276721862e-07
hsViral_carcinogenesis 360 365 2.82521695300508e-10
hsViral_carcinogenesis 365 370 1.59076081417404e-28
hsViral_carcinogenesis 370 375 1.21251301059073e-21
hsViral_carcinogenesis 375 380 0.0328083802011818
hsViral_carcinogenesis 380 385 0.000336931594081754
hsViral_carcinogenesis 385 390 3.60145253203333e-14
hsViral_carcinogenesis 390 395 4.00995986012707e-16
hsViral_carcinogenesis 395 400 2.30252075497506e-08
hsViral_carcinogenesis 400 405 2.58067305164629e-07
hsViral_carcinogenesis 405 410 0.00515250743993007
hsViral_carcinogenesis 410 415 4.393232346583e-05
hsViral_carcinogenesis 415 420 1.7450409888113e-06
hsViral_carcinogenesis 420 425 0.000712463171353078
hsViral_carcinogenesis 425 430 3.79393129504698e-08
hsViral_carcinogenesis 430 435 0.000270982226012686
hsViral_carcinogenesis 435 440 1.88673961384012e-11
hsViral_carcinogenesis 440 445 1.91846851751801e-20
hsViral_carcinogenesis 445 450 8.25009450725715e-15
hsViral_carcinogenesis 450 455 1.01591123670546e-05
hsViral_carcinogenesis 455 460 1.5582856164534e-23
hsViral_carcinogenesis 460 465 3.27175021858001e-11
hsViral_carcinogenesis 465 470 1.23251473226564e-11
hsViral_carcinogenesis 470 475 1.69092301292526e-18
hsViral_carcinogenesis 475 480 0.000401831867683985
hsViral_carcinogenesis 480 485 1.22548173077852e-17
hsViral_carcinogenesis 485 490 7.45235718950581e-07
hsViral_carcinogenesis 490 495 0.00287551934301052
hsViral_carcinogenesis 495 500 0.0189206263615085
hsViral_carcinogenesis 500 505 7.85197582452718e-19
hsViral_carcinogenesis 505 510 0.0131795611864448
hsViral_carcinogenesis 510 515 0.00467538737430194
hsViral_carcinogenesis 515 520 0.0179265261314835
hsViral_carcinogenesis 520 525 2.73304258290715e-23
hsViral_carcinogenesis 525 530 1.19360398713717e-07
hsViral_carcinogenesis 530 535 5.20766557073847e-10
hsViral_carcinogenesis 535 540 4.76163049197183e-09
hsViral_carcinogenesis 540 545 0.00340600733699961
hsViral_carcinogenesis 545 550 1.4655944688104e-10
hsViral_carcinogenesis 550 555 0.0343983516049457
hsViral_carcinogenesis 555 560 3.57237241835794e-11
hsViral_carcinogenesis 560 565 8.96183522435551e-05
hsHuman_T_cell_leukemia_virus_1_infection 0 5 1.81040242111768e-30
hsHuman_T_cell_leukemia_virus_1_infection 5 10 0.000259278201474103
hsHuman_T_cell_leukemia_virus_1_infection 10 15 0.00917859056710554
hsHuman_T_cell_leukemia_virus_1_infection 15 20 1.31790059723024e-16
hsHuman_T_cell_leukemia_virus_1_infection 20 25 6.29621347773145e-13
hsHuman_T_cell_leukemia_virus_1_infection 25 30 4.77520949006604e-15
hsHuman_T_cell_leukemia_virus_1_infection 30 35 3.26578953380264e-11
hsHuman_T_cell_leukemia_virus_1_infection 35 40 5.81879410549163e-05
hsHuman_T_cell_leukemia_virus_1_infection 40 45 1.02047921902576e-12
hsHuman_T_cell_leukemia_virus_1_infection 45 50 0.00576298505943817
hsHuman_T_cell_leukemia_virus_1_infection 50 55 2.19210069068053e-15
hsHuman_T_cell_leukemia_virus_1_infection 55 60 4.75807642678863e-08
hsHuman_T_cell_leukemia_virus_1_infection 60 65 2.09703640707589e-20
hsHuman_T_cell_leukemia_virus_1_infection 65 70 2.02688315370475e-10
hsHuman_T_cell_leukemia_virus_1_infection 70 75 7.3724399953028e-17
hsHuman_T_cell_leukemia_virus_1_infection 75 80 2.02293270228326e-05
hsHuman_T_cell_leukemia_virus_1_infection 80 85 0.0110368879125121
hsHuman_T_cell_leukemia_virus_1_infection 85 90 1.9673859207693e-07
hsHuman_T_cell_leukemia_virus_1_infection 90 95 2.02250648256037e-18
hsHuman_T_cell_leukemia_virus_1_infection 95 100 0.0236907401943006
hsHuman_T_cell_leukemia_virus_1_infection 100 105 5.05056086398046e-07
hsHuman_T_cell_leukemia_virus_1_infection 105 110 1.5582856164534e-23
hsHuman_T_cell_leukemia_virus_1_infection 110 115 3.27175021858001e-11
hsHuman_T_cell_leukemia_virus_1_infection 115 120 1.23251473226564e-11
hsHuman_T_cell_leukemia_virus_1_infection 120 125 1.69092301292526e-18
hsHuman_T_cell_leukemia_virus_1_infection 125 130 0.000401831867683985
hsHuman_T_cell_leukemia_virus_1_infection 130 135 1.22548173077852e-17
hsHuman_T_cell_leukemia_virus_1_infection 135 140 1.74608167465973e-19
hsHuman_T_cell_leukemia_virus_1_infection 140 145 1.05334513329814e-12
hsHuman_T_cell_leukemia_virus_1_infection 145 150 6.07763460337581e-05
hsHuman_T_cell_leukemia_virus_1_infection 150 155 1.28113999113171e-16
hsHuman_T_cell_leukemia_virus_1_infection 155 160 0.00515250743993007
hsHuman_T_cell_leukemia_virus_1_infection 160 165 2.58067305164629e-07
hsHuman_T_cell_leukemia_virus_1_infection 165 170 1.18356442480133e-16
hsHuman_T_cell_leukemia_virus_1_infection 170 175 2.96242629673846e-13
hsHuman_T_cell_leukemia_virus_1_infection 175 180 1.93750713839956e-15
hsHuman_T_cell_leukemia_virus_1_infection 180 185 0.040218297798304
hsHuman_T_cell_leukemia_virus_1_infection 185 190 0.0473901000506894
hsHuman_T_cell_leukemia_virus_1_infection 190 195 1.59099894288535e-13
hsHuman_T_cell_leukemia_virus_1_infection 195 200 2.30252075497506e-08
hsHuman_T_cell_leukemia_virus_1_infection 200 205 2.27916192745657e-15
hsHuman_T_cell_leukemia_virus_1_infection 205 210 4.09142727766652e-22
hsHuman_T_cell_leukemia_virus_1_infection 210 215 3.60145253203333e-14
hsHuman_T_cell_leukemia_virus_1_infection 215 220 0.000336931594081754
hsHuman_T_cell_leukemia_virus_1_infection 220 225 0.0328083802011818
hsHuman_T_cell_leukemia_virus_1_infection 225 230 1.0975319220466e-08
hsHuman_T_cell_leukemia_virus_1_infection 230 235 2.94511539207499e-21
hsHuman_T_cell_leukemia_virus_1_infection 235 240 2.12739712310122e-10
hsHuman_T_cell_leukemia_virus_1_infection 240 245 0.0475201464246901
hsHuman_T_cell_leukemia_virus_1_infection 245 250 0.00111354487632507
hsHuman_T_cell_leukemia_virus_1_infection 250 255 1.11184644565139e-09
hsHuman_T_cell_leukemia_virus_1_infection 255 260 1.17589746897266e-20
hsHuman_T_cell_leukemia_virus_1_infection 260 265 0.000260863552799678
hsHuman_T_cell_leukemia_virus_1_infection 265 270 4.00995986012707e-16
hsHuman_T_cell_leukemia_virus_1_infection 270 275 0.000343157066166637
hsHuman_T_cell_leukemia_virus_1_infection 275 280 0.00589942969751604
hsHuman_T_cell_leukemia_virus_1_infection 280 285 0.000794771820690341
hsHuman_T_cell_leukemia_virus_1_infection 285 290 0.000136521800869637
hsHuman_T_cell_leukemia_virus_1_infection 290 295 1.6904711572521e-05
hsHuman_T_cell_leukemia_virus_1_infection 295 300 0.000645775000150155
hsHuman_T_cell_leukemia_virus_1_infection 300 305 0.000334830930971099
hsHuman_T_cell_leukemia_virus_1_infection 305 310 2.00916634355454e-08
hsHuman_T_cell_leukemia_virus_1_infection 310 315 0.000464967113452291
hsHuman_T_cell_leukemia_virus_1_infection 315 320 1.11715322201342e-17
hsHuman_T_cell_leukemia_virus_1_infection 320 325 0.000553613576367628
hsHuman_T_cell_leukemia_virus_1_infection 325 330 1.08482143984012e-05
hsHuman_T_cell_leukemia_virus_1_infection 330 335 0.0148260021315173
hsHuman_T_cell_leukemia_virus_1_infection 335 340 0.000253753147054455
hsHuman_T_cell_leukemia_virus_1_infection 340 345 1.36809147766286e-09
hsHuman_T_cell_leukemia_virus_1_infection 345 350 8.07717778098816e-10
hsHuman_T_cell_leukemia_virus_1_infection 350 355 3.6369420895929e-12
hsHuman_T_cell_leukemia_virus_1_infection 355 360 0.0236194325810961
hsHuman_T_cell_leukemia_virus_1_infection 360 365 0.0189206263615085
hsHuman_T_cell_leukemia_virus_1_infection 365 370 0.000594629785044162
hsHuman_T_cell_leukemia_virus_1_infection 370 375 0.026384006498511
hsHuman_T_cell_leukemia_virus_1_infection 375 380 2.46581969200751e-16
hsHuman_T_cell_leukemia_virus_1_infection 380 385 1.12350531606426e-05
hsHuman_T_cell_leukemia_virus_1_infection 385 390 2.37055071477267e-09
hsHuman_T_cell_leukemia_virus_1_infection 390 395 4.39025206916822e-12
hsHuman_T_cell_leukemia_virus_1_infection 395 400 0.00126489130102505
hsHuman_T_cell_leukemia_virus_1_infection 400 405 5.19032506335168e-17
hsHuman_T_cell_leukemia_virus_1_infection 405 410 0.000110439835058045
hsHuman_T_cell_leukemia_virus_1_infection 410 415 1.06554258550237e-08
hsHuman_T_cell_leukemia_virus_1_infection 415 420 6.37612678246314e-12
hsHuman_T_cell_leukemia_virus_1_infection 420 425 0.00990155958619044
hsHuman_T_cell_leukemia_virus_1_infection 425 430 0.0261471891359695
hsHuman_T_cell_leukemia_virus_1_infection 430 435 1.21912688400173e-07
hsHuman_T_cell_leukemia_virus_1_infection 435 440 2.97502130031898e-09
hsHuman_T_cell_leukemia_virus_1_infection 440 445 3.31261289172969e-18
hsHuman_T_cell_leukemia_virus_1_infection 445 450 0.00179264020622357
hsHuman_T_cell_leukemia_virus_1_infection 450 455 4.48567309821939e-06
hsHuman_T_cell_leukemia_virus_1_infection 455 460 1.23898145475286e-08
hsHuman_T_cell_leukemia_virus_1_infection 460 465 8.03697399011292e-13
hsHuman_T_cell_leukemia_virus_1_infection 465 470 0.00147334786897134
hsHuman_T_cell_leukemia_virus_1_infection 470 475 2.67227253582215e-05
hsHuman_T_cell_leukemia_virus_1_infection 475 480 5.44399724297358e-10
hsHuman_T_cell_leukemia_virus_1_infection 480 485 2.40187154157123e-06
hsHuman_T_cell_leukemia_virus_1_infection 485 490 1.62122047848465e-09
hsHuman_T_cell_leukemia_virus_1_infection 490 495 0.000260782754761341
hsHuman_T_cell_leukemia_virus_1_infection 495 500 1.75213894390405e-05
hsHuman_T_cell_leukemia_virus_1_infection 500 505 2.58826028246679e-15
hsHuman_T_cell_leukemia_virus_1_infection 505 510 1.70400372480978e-16
hsHuman_T_cell_leukemia_virus_1_infection 510 515 0.0003170129896953
hsHuman_T_cell_leukemia_virus_1_infection 515 520 0.000344411457848233
hsHuman_T_cell_leukemia_virus_1_infection 520 525 0.00446729113941872
hsHuman_T_cell_leukemia_virus_1_infection 525 530 0.00143821113013409
hsHuman_T_cell_leukemia_virus_1_infection 530 535 9.25336297634429e-12
hsHuman_T_cell_leukemia_virus_1_infection 535 540 0.0414129827293802
hsHuman_T_cell_leukemia_virus_1_infection 540 545 0.000149010122695571
hsHuman_T_cell_leukemia_virus_1_infection 545 550 4.78087515709564e-05
hsHuman_T_cell_leukemia_virus_1_infection 550 555 0.00789491969328052
hsHuman_T_cell_leukemia_virus_1_infection 555 560 0.00543347230305921
hsHuman_T_cell_leukemia_virus_1_infection 560 565 8.00590948787786e-10
hsHuman_T_cell_leukemia_virus_1_infection 565 570 2.92968548115419e-09
hsHuman_T_cell_leukemia_virus_1_infection 570 575 1.0457483150258e-08
hsHuman_T_cell_leukemia_virus_1_infection 575 580 4.393232346583e-05
hsHuman_T_cell_leukemia_virus_1_infection 580 585 1.56470402288232e-07
hsHuman_T_cell_leukemia_virus_1_infection 585 590 9.44384221039033e-15
hsHuman_T_cell_leukemia_virus_1_infection 590 595 3.4597436846109e-12
hsHuman_T_cell_leukemia_virus_1_infection 595 600 8.93676595690418e-17
hsHuman_T_cell_leukemia_virus_1_infection 600 605 4.76163049197183e-09
hsHuman_T_cell_leukemia_virus_1_infection 605 610 0.000733372817963019
hsHuman_T_cell_leukemia_virus_1_infection 610 615 1.85954093233507e-11
hsHuman_T_cell_leukemia_virus_1_infection 615 620 3.61247757809387e-06
hsHuman_T_cell_leukemia_virus_1_infection 620 625 0.000112160461990543
hsHuman_T_cell_leukemia_virus_1_infection 625 630 2.95143687752688e-08
hsHuman_T_cell_leukemia_virus_1_infection 630 635 1.61549141492327e-12
hsHuman_T_cell_leukemia_virus_1_infection 635 640 0.0140914322075634
hsHuman_T_cell_leukemia_virus_1_infection 640 645 0.0451050230100147
hsHuman_T_cell_leukemia_virus_1_infection 645 650 4.39294956202406e-05
hsHuman_T_cell_leukemia_virus_1_infection 650 655 0.0448258710489493
hsHuman_T_cell_leukemia_virus_1_infection 655 660 0.00571169631787287
hsHuman_T_cell_leukemia_virus_1_infection 660 665 0.0131795611864448
hsHuman_T_cell_leukemia_virus_1_infection 665 670 0.00990873982470278
hsHuman_T_cell_leukemia_virus_1_infection 670 675 2.12058501723828e-14
hsHuman_T_cell_leukemia_virus_1_infection 675 680 1.4655944688104e-10
hsHuman_T_cell_leukemia_virus_1_infection 680 685 0.0143549977851195
hsHuman_T_cell_leukemia_virus_1_infection 685 690 0.0469814628125676
hsHuman_T_cell_leukemia_virus_1_infection 690 695 0.0166217339292732
hsHuman_T_cell_leukemia_virus_1_infection 695 700 0.0178363566155319
hsHuman_T_cell_leukemia_virus_1_infection 700 705 1.32620641868946e-07
hsHuman_T_cell_leukemia_virus_1_infection 705 710 2.51194539827813e-06
hsHuman_T_cell_leukemia_virus_1_infection 710 715 0.0175660059466877
hsHuman_T_cell_leukemia_virus_1_infection 715 720 3.42286314818031e-11
hsHuman_T_cell_leukemia_virus_1_infection 720 725 0.00254390198965655
hsHuman_T_cell_leukemia_virus_1_infection 725 730 3.01252202508978e-08
hsHuman_T_cell_leukemia_virus_1_infection 730 735 0.00467538737430194
hsHuman_T_cell_leukemia_virus_1_infection 735 740 0.0179265261314835
hsHuman_T_cell_leukemia_virus_1_infection 740 745 0.00515593226282692
hsHuman_T_cell_leukemia_virus_1_infection 745 750 0.00112978387408291
hsHuman_T_cell_leukemia_virus_1_infection 750 755 7.45235718950581e-07
hsHuman_T_cell_leukemia_virus_1_infection 755 760 0.00287551934301052
hsHuman_T_cell_leukemia_virus_1_infection 760 765 9.09713955985739e-05
hsHuman_T_cell_leukemia_virus_1_infection 765 770 8.96183522435551e-05
hsHuman_T_cell_leukemia_virus_1_infection 770 775 2.53867709123514e-06
