hsTCR 0 5 2.12156395955753
hsTCR 5 10 5.16064523720631
hsTCR 10 15 2.83667336149253
hsTCR 15 20 6.80369826057838
hsTCR 20 25 3.8843109717
hsTCR 25 30 1.7214984115347
hsTCR 30 35 1.7214984115347
hsTCR 35 40 3.68498862240348
hsTCR 40 45 4.82816619102701
hsTCR 45 50 1.39749492723183
hsTCR 50 55 2.53431963330211
hsTCR 55 60 1.45419102119983
hsTCR 60 65 3.14409877217955
hsTCR 65 70 3.11926848867854
hsTCR 70 75 2.19615191531431
hsTCR 75 80 2.72079085804148
hsTCR 80 85 4.65511110451391
hsTCR 85 90 3.31817867607862
hsTCR 90 95 3.92009803753444
hsTCR 95 100 1.4207186495505
hsTCR 100 105 2.02928281452614
hsTCR 105 110 3.90337130391174
hsATM 0 5 2.45391150778608
hsATM 5 10 3.8009821471625
hsATM 10 15 2.25806290179668
hsATM 15 20 1.39185187316701
hsATM 20 25 1.62163838588632
hsATM 25 30 5.48113139345762
hsATM 30 35 1.51923900616676
hsATM 35 40 3.11926848867854
hsATM 40 45 1.4320749266002
hsATM 45 50 1.4207186495505
hsATM 50 55 3.80289101938765
hsVDR 0 5 2.38315042082172
hsVDR 5 10 2.35853094716967
hsVDR 10 15 1.55175073602422
hsVDR 15 20 2.75477085241585
hsVDR 20 25 3.31596877037661
hsVDR 25 30 4.80527150175907
hsVDR 30 35 3.1334954131819
hsVDR 35 40 3.71012102680825
hsVDR 40 45 2.53431963330211
hsVDR 45 50 1.89799983418609
hsVDR 50 55 2.55553005280178
hsVDR 55 60 1.34181153020028
hsG1 0 5 2.45391150778608
hsG1 5 10 3.8009821471625
hsG1 10 15 2.32337691900321
hsG1 15 20 3.56202587669378
hsG1 20 25 1.85028229611019
hsG1 25 30 2.04575742708205
hsG1 30 35 1.55175073602422
hsG1 35 40 1.43592132536982
hsG1 40 45 7.09093411193511
hsG1 45 50 3.25082881661832
hsG1 50 55 3.80289101938765
hsTNFR2 0 5 2.4880913760973
hsTNFR2 5 10 1.55704594074506
hsTNFR2 10 15 2.75026397131994
hsTNFR2 15 20 2.75026397131994
hsTNFR2 20 25 3.11926848867854
hsTNFR2 25 30 1.4207186495505
hsTNFR2 30 35 2.10331083543018
hsTNFR2 35 40 3.32675816457839
hsTNFR2 40 45 2.63288975563867
hsIL2RB 0 5 3.13275408138194
hsIL2RB 5 10 2.47731413553817
hsIL2RB 10 15 2.17477441777991
hsIL2RB 15 20 1.52135993569373
hsIL2RB 20 25 1.7214984115347
hsIL2RB 25 30 1.7214984115347
hsIL2RB 30 35 1.90936822014035
hsIL2RB 35 40 5.76659350965581
hsIL2RB 40 45 1.49224490487553
hsIL2RB 45 50 4.33881054581553
hsIL2RB 50 55 1.99061787907246
hsIL2RB 55 60 2.19615191531431
hsIL2RB 60 65 2.72079085804148
hsIL2RB 65 70 2.24126332269095
hsIL2RB 70 75 2.02928281452614
hsIL2RB 75 80 1.67871524339062
hsMAPK 0 5 1.92034663520878
hsMAPK 5 10 1.7214984115347
hsMAPK 10 15 1.7214984115347
hsMAPK 15 20 1.55704594074506
hsMAPK 20 25 1.39749492723183
hsMAPK 25 30 1.50364325124579
hsMAPK 30 35 3.8895630176224
hsMAPK 35 40 2.44902519470045
hsMAPK 40 45 2.75026397131994
hsMAPK 45 50 2.75026397131994
hsMAPK 50 55 2.65512691303167
hsMAPK 55 60 3.44064330180358
hsMAPK 60 65 4.56539550249477
hsMAPK 65 70 1.66935564020024
hsMAPK 70 75 5.10577134315987
hsMAPK 75 80 5.10577134315987
hsMAPK 80 85 2.72166560606668
hsMAPK 85 90 1.49224490487553
hsMAPK 90 95 5.95759036959292
hsMAPK 95 100 1.66381332549261
hsMAPK 100 105 1.41832465895489
hsMAPK 105 110 1.37636079584993
hsMAPK 110 115 1.46721538040648
hsMAPK 115 120 2.39542157333312
hsMAPK 120 125 4.33881054581553
hsMAPK 125 130 3.11926848867854
hsMAPK 130 135 1.73949851740947
hsMAPK 135 140 1.4207186495505
hsMAPK 140 145 1.54224128887171
hsMAPK 145 150 2.02928281452614
hsMAPK 150 155 2.11898010986245
hsMAPK 155 160 3.25082881661832
hsMAPK 160 165 2.63288975563867
hsBIOPEPTIDES 0 5 2.12156395955753
hsBIOPEPTIDES 5 10 3.8843109717
hsBIOPEPTIDES 10 15 1.7214984115347
hsBIOPEPTIDES 15 20 1.7214984115347
hsBIOPEPTIDES 20 25 3.5127588257422
hsBIOPEPTIDES 25 30 1.49224490487553
hsBIOPEPTIDES 30 35 5.95759036959292
hsBIOPEPTIDES 35 40 4.65511110451391
hsBIOPEPTIDES 40 45 3.92009803753444
hsBIOPEPTIDES 45 50 2.02928281452614
hsBIOPEPTIDES 50 55 2.11898010986245
hsCTLA4 0 5 5.16064523720631
hsCTLA4 5 10 2.67301495568803
hsCTLA4 10 15 2.83667336149253
hsCTLA4 15 20 6.80369826057838
hsCTLA4 20 25 1.30159096252618
hsCTLA4 25 30 1.30159096252618
hsCTLA4 30 35 1.30159096252618
hsCTLA4 35 40 1.30159096252618
hsCTLA4 40 45 1.30159096252618
hsCTLA4 45 50 1.30159096252618
hsCTLA4 50 55 1.30159096252618
hsCTLA4 55 60 1.55172008690175
hsCTLA4 60 65 3.9207255521324
hsCTLA4 65 70 5.86368615548532
hsCTLA4 70 75 4.82816619102701
hsCTLA4 75 80 2.72079085804148
hsECM 0 5 3.8843109717
hsECM 5 10 1.61811897398402
hsECM 10 15 1.7214984115347
hsECM 15 20 1.7214984115347
hsECM 20 25 1.49224490487553
hsECM 25 30 2.19615191531431
hsECM 30 35 2.72079085804148
hsECM 35 40 2.02928281452614
hsECM 40 45 1.62728030148875
